0;3;4.08333;3.16667;1.25
1;3;4.08333;3.16667;1.25
2;3;4.08333;3.16667;1.25
3;3;4.08333;3.16667;1.25
4;3;4.08333;3.16667;1.25
5;3;4.08333;3.16667;1.25
6;3;4.08333;3.16667;1.25
7;3;4.08333;3.16667;1.25
8;3;4.08333;3.16667;1.25
9;3;4.08333;3.16667;1.25
10;3;4.08333;3.16667;1.25
11;3;4.08333;3.16667;1.25
12;3;4.08333;3.16667;1.25
13;3;4.08333;3.16667;1.25
14;3;4.08333;3.16667;1.25
15;3;4.08333;3.16667;1.25
16;3;4.08333;3.16667;1.25
17;3;4.08333;3.16667;1.25
18;3;4.08333;3.16667;1.25
19;3;4.08333;3.16667;1.25
20;3;4.08333;3.16667;1.25
21;3;4.08333;3.16667;1.25
22;3;4.08333;3.16667;1.25
23;3;4.08333;3.16667;1.25
24;3;4.08333;3.16667;1.25
25;3;4.08333;3.16667;1.25
26;3;4.08333;3.16667;1.25
27;3;4.08333;3.16667;1.25
28;3;4.08333;3.16667;1.25
29;3;4.08333;4.16667;1.25
30;3;4.08333;4.16667;1.25
31;3;4.08333;4.16667;1.25
32;3;4.08333;4.16667;1.25
33;3;4.08333;4.16667;1.25
34;3;4.08333;4.16667;1.25
35;3;4.08333;4.16667;1.25
36;3;4.08333;4.16667;1.25
37;3;4.08333;4.16667;1.25
38;3;4.08333;4.16667;1.25
39;3;4.08333;4.16667;1.25
40;3;4.08333;4.16667;1.25
41;3;4.08333;4.16667;1.25
42;3;4.08333;4.16667;1.25
43;3;4.08333;4.16667;1.25
44;3;4.08333;4.16667;1.25
45;3;4.08333;4.16667;1.25
46;3;4.08333;4.16667;1.25
47;3;4.08333;4.16667;1.25
48;3;4.08333;4.16667;1.25
49;3;4.08333;4.16667;1.25
50;3;4.08333;4.16667;1.25
51;3;4.08333;4.16667;1.25
52;3;4.08333;4.16667;1.25
53;3;4.08333;4.16667;1.25
54;3;4.08333;4.16667;1.25
55;3;4.08333;4.16667;1.25
56;3;4.08333;4.16667;1.25
57;3;4.08333;4.16667;1.25
58;3;4.08333;4.16667;1.25
59;3;4.08333;4.16667;1.25
60;3;4.08333;4.16667;1.25
61;3;4.08333;4.16667;1.25
62;3;4.08333;4.16667;1.25
63;3;4.08333;4.16667;1.25
64;3;4.08333;4.16667;1.25
65;3;4.08333;4.16667;1.25
66;3;4.08333;4.16667;1.25
67;3;4.08333;4.16667;1.25
68;3;4.08333;4.16667;1.25
69;3;4.08333;4.16667;1.25
70;3;4.08333;4.16667;1.25
71;3;4.08333;4.16667;1.25
72;3;4.08333;4.16667;1.25
73;3;4.08333;4.16667;1.25
74;3;4.08333;4.16667;1.25
75;3;4.08333;4.16667;1.25
76;3;4.08333;4.16667;1.25
77;3;4.08333;4.16667;1.25
78;3;4.08333;4.16667;1.25
79;3;4.08333;4.16667;1.25
80;3;4.08333;4.16667;1.25
81;3;4.08333;4.16667;1.25
82;3;4.08333;4.16667;1.25
83;3;4.08333;4.16667;1.25
84;3;4.08333;4.16667;1.25
85;3;4.08333;4.16667;1.25
86;3;4.08333;4.16667;1.25
87;3;4.08333;4.16667;1.25
88;3;4.08333;4.16667;1.25
89;3;4.08333;4.16667;1.25
90;3;4.08333;4.16667;1.25
91;3;4.08333;4.16667;1.25
92;3;4.08333;4.16667;1.25
93;3;4.08333;4.16667;1.25
94;3;4.08333;4.16667;1.25
95;3;4.08333;4.16667;1.25
96;3;4.08333;4.16667;1.25
97;3;4.08333;4.16667;1.25
98;3;4.08333;4.16667;1.25
99;3;4.08333;4.16667;1.25
100;3;4.08333;4.16667;1.25
101;3;4.08333;4.16667;1.25
102;3;4.08333;4.16667;1.25
103;3;4.08333;4.16667;1.25
104;3;4.08333;4.16667;1.25
105;3;4.08333;4.16667;1.25
106;3;4.08333;4.16667;1.25
107;3;4.08333;4.16667;1.25
108;3;4.08333;4.16667;1.25
109;3;4.08333;4.16667;1.25
110;3;4.08333;4.16667;1.25
111;3;4.08333;4.16667;1.25
112;3;4.08333;4.16667;1.25
113;3;4.08333;4.16667;1.25
114;3;4.08333;4.16667;1.25
115;3;4.08333;4.16667;1.25
116;3;4.08333;4.16667;1.25
117;3;4.08333;4.16667;1.25
118;3;4.08333;4.16667;1.25
119;3;4.08333;4.16667;1.25
120;3;4.08333;4.16667;1.25
121;3;4.08333;4.16667;1.25
122;3;4.08333;4.16667;1.25
123;3;4.08333;4.16667;1.25
124;3;4.08333;4.16667;1.25
125;3;4.08333;4.16667;1.25
126;3;4.08333;4.16667;1.25
127;3;4.08333;4.16667;1.25
128;3;4.08333;4.16667;1.25
129;3;4.08333;4.16667;1.25
130;3;4.08333;4.16667;1.25
131;3;4.08333;4.16667;1.25
132;3;4.08333;4.16667;1.25
133;3;4.08333;4.16667;1.25
134;3;4.08333;4.16667;1.25
135;3;4.08333;4.16667;1.25
136;3;4.08333;4.16667;1.25
137;3;4.08333;4.16667;1.25
138;3;4.08333;4.16667;1.25
139;3;4.08333;4.16667;1.25
140;3;4.08333;4.16667;1.25
141;3;4.08333;4.16667;1.25
142;3;4.08333;4.16667;1.25
143;3;4.08333;4.16667;1.25
144;3;4.08333;4.16667;1.25
145;3;4.08333;4.16667;1.25
146;3;4.08333;4.16667;1.25
147;3;4.08333;4.16667;1.25
148;3;4.08333;4.16667;1.25
149;3;4.08333;4.16667;1.25
150;3;4.08333;4.16667;1.25
151;3;4.08333;4.16667;1.25
152;3;4.08333;4.16667;1.25
153;3;4.08333;4.16667;1.25
154;3;4.08333;4.16667;1.25
155;3;4.08333;4.16667;1.25
156;3;4.08333;4.16667;1.25
157;3;4.08333;4.16667;1.25
158;3;4.08333;4.16667;1.25
159;3;4.08333;4.16667;1.25
160;3;4.08333;4.16667;1.25
161;3;4.08333;4.16667;1.25
162;3;4.08333;4.16667;1.25
163;3;4.08333;4.16667;1.25
164;3;4.08333;4.16667;1.25
165;3;4.08333;4.16667;1.25
166;3;4.08333;4.16667;1.25
167;3;4.08333;4.16667;1.25
168;3;4.08333;4.16667;1.25
169;3;4.08333;4.16667;1.25
170;3;4.08333;4.16667;1.25
171;3;4.08333;4.16667;1.25
172;3;4.08333;4.16667;1.25
173;3;4.08333;4.16667;1.25
174;3;4.08333;4.16667;1.25
175;3;4.08333;4.16667;1.25
176;3;4.08333;4.16667;1.25
177;3;4.08333;4.16667;1.25
178;3;4.08333;4.16667;1.25
179;3;4.08333;4.16667;1.25
180;3;4.08333;4.16667;1.25
181;3;4.08333;4.16667;1.25
182;3;5.08333;4.16667;1.25
183;3;5.08333;4.16667;1.25
184;3;5.08333;4.16667;1.25
185;3;5.08333;4.16667;1.25
186;3;5.08333;4.16667;1.25
187;3;5.08333;4.16667;1.25
188;3;5.08333;4.16667;1.25
189;3;5.08333;4.16667;1.25
190;3;5.08333;4.16667;1.25
191;3;5.08333;4.16667;1.25
192;3;5.08333;4.16667;1.25
193;3;5.08333;4.16667;1.25
194;3;5.08333;4.16667;1.25
195;3;5.08333;4.16667;1.25
196;3;5.08333;4.16667;1.25
197;3;5.08333;4.16667;1.25
198;3;5.08333;4.16667;1.25
199;3;5.08333;4.16667;1.25
200;3;5.08333;4.16667;1.25
201;3;5.08333;4.16667;1.25
202;3;5.08333;4.16667;1.25
203;3;5.08333;4.16667;1.25
204;3;5.08333;4.16667;1.25
205;3;5.08333;4.16667;1.25
206;3;5.08333;4.16667;1.25
207;3;5.08333;4.16667;1.25
208;3;5.08333;4.16667;1.25
209;3;5.08333;4.16667;1.25
210;3;5.08333;4.16667;1.25
211;3;5.08333;4.16667;1.25
212;3;5.08333;4.16667;1.25
213;3;5.08333;4.16667;1.25
214;3;5.08333;4.16667;1.25
215;3;5.08333;4.16667;1.25
216;3;5.08333;4.16667;1.25
217;3;5.08333;4.16667;1.25
218;3;5.08333;4.16667;1.25
219;3;5.08333;4.16667;1.25
220;3;5.08333;4.16667;1.25
221;3;5.08333;4.16667;1.25
222;3;5.08333;4.16667;1.25
223;3;5.08333;4.16667;1.25
224;3;5.08333;4.16667;1.25
225;3;5.08333;4.16667;1.25
226;3;5.08333;4.16667;1.25
227;3;5.08333;4.16667;1.25
228;3;5.08333;4.16667;1.25
229;3;5.08333;4.16667;1.25
230;3;5.08333;4.16667;1.25
231;3;5.08333;4.16667;1.25
232;3;5.08333;4.16667;1.25
233;3;5.08333;4.16667;1.25
234;3;5.08333;4.16667;1.25
235;3;5.08333;4.16667;1.25
236;3;5.08333;4.16667;1.25
237;3;5.08333;4.16667;1.25
238;3;5.08333;4.16667;1.25
239;3;5.08333;4.16667;1.25
240;3;5.08333;4.16667;1.25
241;3;5.08333;4.16667;1.25
242;3;5.08333;4.16667;1.25
243;3;5.08333;4.16667;1.25
244;3;5.08333;4.16667;1.25
245;3;5.08333;4.16667;1.25
246;3;5.08333;4.16667;1.25
247;3;5.08333;4.16667;1.25
248;3;5.08333;4.16667;1.25
249;3;5.08333;4.16667;1.25
250;3;5.08333;4.16667;1.25
251;3;5.08333;4.16667;1.25
252;3;5.08333;4.16667;1.25
253;3;5.08333;4.16667;1.25
254;3;5.08333;4.16667;1.25
255;3;5.08333;4.16667;1.25
256;3;5.08333;4.16667;1.25
257;3;5.08333;4.16667;1.25
258;3;5.08333;4.16667;1.25
259;3;5.08333;4.16667;1.25
260;3;5.08333;4.16667;1.25
261;3;5.08333;4.16667;1.25
262;3;5.08333;4.16667;1.25
263;3;5.08333;4.16667;1.25
264;3;5.08333;4.16667;1.25
265;3;5.08333;4.16667;1.25
266;3;5.08333;4.16667;1.25
267;3;5.08333;4.16667;1.25
268;3;5.08333;4.16667;1.25
269;3;5.08333;4.16667;1.25
270;3;5.08333;4.16667;1.25
271;3;5.08333;4.16667;1.25
272;3;5.08333;4.16667;1.25
273;3;5.08333;4.16667;1.25
274;3;5.08333;4.16667;1.25
275;3;5.08333;4.16667;1.25
276;3;5.08333;4.16667;1.25
277;3;5.08333;4.16667;1.25
278;3;5.08333;4.16667;1.25
279;3;5.08333;4.16667;1.25
280;3;5.08333;4.16667;1.25
281;3;5.08333;4.16667;1.25
282;3;5.08333;4.16667;1.25
283;3;5.08333;4.16667;1.25
284;3;5.08333;4.16667;1.25
285;3;5.08333;4.16667;1.25
286;3;5.08333;4.16667;1.25
287;3;5.08333;4.16667;1.25
288;3;5.08333;4.16667;1.25
289;3;5.08333;4.16667;1.25
290;3;5.08333;4.16667;1.25
291;3;5.08333;4.16667;1.25
292;3;5.08333;4.16667;1.25
293;3;5.08333;4.16667;1.25
294;3;5.08333;4.16667;1.25
295;3;5.08333;4.16667;1.25
296;3;5.08333;4.16667;1.25
297;3;5.08333;4.16667;1.25
298;3;5.08333;4.16667;1.25
299;3;5.08333;4.16667;1.25
300;3;5.08333;4.16667;1.25
301;3;5.08333;4.16667;1.25
302;3;5.08333;4.16667;1.25
303;3;5.08333;4.16667;1.25
304;3;5.08333;4.16667;1.25
305;3;5.08333;4.16667;1.25
306;3;5.08333;4.16667;1.25
307;3;5.08333;4.16667;1.25
308;3;5.08333;4.16667;1.25
309;3;5.08333;4.16667;1.25
310;3;5.08333;4.16667;1.25
311;3;5.08333;4.16667;1.25
312;3;5.08333;4.16667;1.25
313;3;5.08333;4.16667;1.25
314;3;5.08333;4.16667;1.25
315;3;5.08333;4.16667;1.25
316;3;5.08333;4.16667;1.25
317;3;5.08333;4.16667;1.25
318;3;5.08333;4.16667;1.25
319;3;5.08333;4.16667;1.25
320;3;5.08333;4.16667;1.25
321;3;5.08333;4.16667;1.25
322;3;5.08333;4.16667;1.25
323;3;5.08333;4.16667;1.25
324;3;5.08333;4.16667;1.25
325;3;5.08333;4.16667;1.25
326;3;5.08333;4.16667;1.25
327;3;5.08333;4.16667;1.25
328;3;5.08333;4.16667;1.25
329;3;5.08333;4.16667;1.25
330;3;5.08333;4.16667;1.25
331;3;5.08333;4.16667;1.25
332;3;5.08333;4.16667;1.25
333;3;5.08333;4.16667;1.25
334;3;5.08333;4.16667;1.25
335;3;5.08333;4.16667;1.25
336;3;5.08333;4.16667;1.25
337;3;5.08333;4.16667;1.25
338;3;5.08333;4.16667;1.25
339;3;5.08333;4.16667;1.25
340;3;5.08333;4.16667;1.25
341;3;5.08333;4.16667;1.25
342;3;5.08333;4.16667;1.25
343;3;5.08333;4.16667;1.25
344;3;5.08333;4.16667;1.25
345;3;5.08333;4.16667;1.25
346;3;5.08333;4.16667;1.25
347;3;5.08333;4.16667;1.25
348;3;5.08333;4.16667;1.25
349;3;5.08333;4.16667;1.25
350;3;5.08333;4.16667;1.25
351;3;5.08333;4.16667;1.25
352;3;5.08333;4.16667;1.25
353;3;5.08333;4.16667;1.25
354;3;5.08333;4.16667;1.25
355;3;5.08333;4.16667;1.25
356;3;5.08333;4.16667;1.25
357;3;5.08333;4.16667;1.25
358;3;5.08333;4.16667;1.25
359;3;5.08333;4.16667;1.25
360;3;5.08333;4.16667;1.25
361;3;5.08333;4.16667;1.25
362;3;5.08333;4.16667;1.25
363;3;5.08333;4.16667;1.25
364;3;5.08333;4.16667;1.25
365;3;5.08333;4.16667;1.25
366;3;5.08333;4.16667;1.25
367;3;5.08333;4.16667;1.25
368;3;5.08333;4.16667;1.25
369;3;5.08333;4.16667;1.25
370;3;5.08333;4.16667;1.25
371;3;5.08333;4.16667;1.25
372;3;5.08333;4.16667;1.25
373;3;5.08333;4.16667;1.25
374;3;5.08333;4.16667;1.25
375;3;5.08333;4.16667;1.25
376;3;5.08333;4.16667;1.25
377;3;5.08333;4.16667;1.25
378;3;5.08333;4.16667;1.25
379;3;5.08333;4.16667;1.25
380;3;5.08333;4.16667;1.25
381;3;5.08333;4.16667;1.25
382;3;5.08333;4.16667;1.25
383;3;5.08333;4.16667;1.25
384;3;5.08333;4.16667;1.25
385;3;5.08333;4.16667;1.25
386;3;5.08333;4.16667;1.25
387;3;5.08333;4.16667;1.25
388;3;5.08333;4.16667;1.25
389;3;5.08333;4.16667;1.25
390;3;5.08333;4.16667;1.25
391;3;5.08333;4.16667;1.25
392;3;5.08333;4.16667;1.25
393;3;5.08333;4.16667;1.25
394;3;5.08333;4.16667;1.25
395;3;5.08333;4.16667;1.25
396;3;5.08333;4.16667;1.25
397;3;5.08333;4.16667;1.25
398;3;5.08333;4.16667;1.25
399;3;5.08333;4.16667;1.25
400;3;5.08333;4.16667;1.25
401;3;5.08333;4.16667;1.25
402;3;5.08333;4.16667;1.25
403;3;5.08333;4.16667;1.25
404;3;5.08333;4.16667;1.25
405;3;5.08333;4.16667;1.25
406;3;5.08333;4.16667;1.25
407;3;5.08333;4.16667;1.25
408;3;5.08333;4.16667;1.25
409;3;5.08333;4.16667;1.25
410;3;5.08333;4.16667;1.25
411;3;5.08333;4.16667;1.25
412;3;5.08333;4.16667;1.25
413;3;5.08333;4.16667;1.25
414;3;5.08333;4.16667;1.25
415;3;5.08333;4.16667;1.25
416;3;5.08333;4.16667;1.25
417;3;5.08333;4.16667;1.25
418;3;5.08333;4.16667;1.25
419;3;5.08333;4.16667;1.25
420;3;5.08333;4.16667;1.25
421;3;5.08333;4.16667;1.25
422;3;5.08333;4.16667;1.25
423;3;5.08333;4.16667;1.25
424;3;5.08333;4.16667;1.25
425;3;5.08333;4.16667;1.25
426;3;5.08333;4.16667;1.25
427;3;5.08333;4.16667;1.25
428;3;5.08333;4.16667;1.25
429;3;5.08333;4.16667;1.25
430;3;5.08333;4.16667;1.25
431;3;5.08333;4.16667;1.25
432;3;5.08333;4.16667;1.25
433;3;5.08333;4.16667;1.25
434;3;5.08333;4.16667;1.25
435;3;5.08333;4.16667;1.25
436;3;5.08333;4.16667;1.25
437;3;5.08333;4.16667;1.25
438;3;5.08333;4.16667;1.25
439;3;5.08333;4.16667;1.25
440;3;5.08333;4.16667;1.25
441;3;5.08333;4.16667;1.25
442;3;5.08333;4.16667;1.25
443;3;5.08333;4.16667;1.25
444;3;5.08333;4.16667;1.25
445;3;5.08333;4.16667;1.25
446;3;5.08333;4.16667;1.25
447;3;5.08333;4.16667;1.25
448;3;5.08333;4.16667;1.25
449;3;5.08333;4.16667;1.25
450;3;5.08333;4.16667;1.25
451;3;5.08333;4.16667;1.25
452;3;5.08333;4.16667;1.25
453;3;5.08333;4.16667;1.25
454;3;5.08333;4.16667;1.25
455;3;5.08333;4.16667;1.25
456;3;5.08333;4.16667;1.25
457;3;5.08333;4.16667;1.25
458;3;5.08333;4.16667;1.25
459;3;5.08333;4.16667;1.25
460;3;5.08333;4.16667;1.25
461;3;5.08333;4.16667;1.25
462;3;5.08333;4.16667;1.25
463;3;5.08333;4.16667;1.25
464;3;5.08333;4.16667;1.25
465;3;5.08333;4.16667;1.25
466;3;5.08333;4.16667;1.25
467;3;5.08333;4.16667;1.25
468;3;5.08333;4.16667;1.25
469;3;5.08333;4.16667;1.25
470;3;5.08333;4.16667;1.25
471;3;5.08333;4.16667;1.25
472;3;5.08333;4.16667;1.25
473;3;5.08333;4.16667;1.25
474;3;5.08333;4.16667;1.25
475;3;5.08333;4.16667;1.25
476;3;5.08333;4.16667;1.25
477;3;5.08333;4.16667;1.25
478;3;5.08333;4.16667;1.25
479;3;5.08333;4.16667;1.25
480;3;5.08333;4.16667;1.25
481;3;5.08333;4.16667;1.25
482;3;5.08333;4.16667;1.25
483;3;5.08333;4.16667;1.25
484;3;5.08333;4.16667;1.25
485;3;5.08333;4.16667;1.25
486;3;5.08333;4.16667;1.25
487;3;5.08333;4.16667;1.25
488;3;5.08333;4.16667;1.25
489;3;5.08333;4.16667;1.25
490;3;5.08333;4.16667;1.25
491;3;5.08333;4.16667;1.25
492;3;5.08333;4.16667;1.25
493;3;5.08333;4.16667;1.25
494;3;5.08333;4.16667;1.25
495;3;5.08333;4.16667;1.25
496;3;5.08333;4.16667;1.25
497;3;5.08333;4.16667;1.25
498;3;5.08333;4.16667;1.25
499;3;5.08333;4.16667;1.25
500;3;5.08333;4.16667;1.25
501;3;5.08333;4.16667;1.25
502;3;5.08333;4.16667;1.25
503;3;5.08333;4.16667;1.25
504;3;5.08333;4.16667;1.25
505;3;5.08333;4.16667;1.25
506;3;5.08333;4.16667;1.25
507;3;5.08333;4.16667;1.25
508;3;5.08333;4.16667;1.25
509;3;5.08333;4.16667;1.25
510;3;5.08333;4.16667;1.25
511;3;5.08333;4.16667;1.25
512;3;5.08333;4.16667;1.25
513;3;5.08333;4.16667;1.25
514;3;5.08333;4.16667;1.25
515;3;5.08333;4.16667;1.25
516;3;5.08333;4.16667;1.25
517;3;5.08333;4.16667;1.25
518;3;5.08333;4.16667;1.25
519;3;5.08333;4.16667;1.25
520;3;5.08333;4.16667;1.25
521;3;5.08333;4.16667;1.25
522;3;5.08333;4.16667;1.25
523;3;5.08333;4.16667;1.25
524;3;5.08333;4.16667;1.25
525;3;5.08333;4.16667;1.25
526;3;5.08333;4.16667;1.25
527;3;5.08333;4.16667;1.25
528;3;5.08333;4.16667;1.25
529;3;5.08333;4.16667;1.25
530;3;5.08333;4.16667;1.25
531;3;5.08333;4.16667;1.25
532;3;5.08333;4.16667;1.25
533;3;5.08333;4.16667;1.25
534;3;5.08333;4.16667;1.25
535;3;5.08333;5.16667;1.25
536;3;5.08333;5.16667;1.25
537;3;5.08333;5.16667;1.25
538;3;5.08333;5.16667;1.25
539;3;5.08333;5.16667;1.25
540;3;5.08333;5.16667;1.25
541;3;5.08333;5.16667;1.25
542;3;5.08333;5.16667;1.25
543;3;5.08333;5.16667;1.25
544;3;5.08333;5.16667;1.25
545;3;5.08333;5.16667;1.25
546;3;5.08333;5.16667;1.25
547;3;5.08333;5.16667;1.25
548;3;5.08333;5.16667;1.25
549;3;5.08333;5.16667;1.25
550;3;5.08333;5.16667;1.25
551;3;5.08333;5.16667;1.25
552;3;5.08333;5.16667;1.25
553;3;5.08333;5.16667;1.25
554;3;5.08333;5.16667;1.25
555;3;5.08333;5.16667;1.25
556;3;5.08333;5.16667;1.25
557;3;5.08333;5.16667;1.25
558;3;5.08333;5.16667;1.25
559;3;5.08333;5.16667;1.25
560;3;5.08333;5.16667;1.25
561;3;5.08333;5.16667;1.25
562;3;5.08333;5.16667;1.25
563;3;5.08333;5.16667;1.25
564;3;5.08333;5.16667;1.25
565;3;5.08333;5.16667;1.25
566;3;5.08333;5.16667;1.25
567;3;5.08333;5.16667;1.25
568;3;5.08333;5.16667;1.25
569;3;5.08333;5.16667;1.25
570;3;5.08333;5.16667;1.25
571;3;5.08333;5.16667;1.25
572;3;5.08333;5.16667;1.25
573;3;5.08333;5.16667;1.25
574;3;5.08333;5.16667;1.25
575;3;5.08333;5.16667;1.25
576;3;5.08333;5.16667;1.25
577;3;5.08333;5.16667;1.25
578;3;5.08333;5.16667;1.25
579;3;5.08333;5.16667;1.25
580;3;5.08333;5.16667;1.25
581;3;5.08333;5.16667;1.25
582;3;5.08333;5.16667;1.25
583;3;5.08333;5.16667;1.25
584;3;5.08333;5.16667;1.25
585;3;5.08333;5.16667;1.25
586;3;5.08333;5.16667;1.25
587;3;5.08333;5.16667;1.25
588;3;5.08333;5.16667;1.25
589;3;5.08333;5.16667;1.25
590;3;5.08333;5.16667;1.25
591;3;5.08333;5.16667;1.25
592;3;5.08333;5.16667;1.25
593;3;5.08333;5.16667;1.25
594;3;5.08333;5.16667;1.25
595;3;5.08333;5.16667;1.25
596;3;5.08333;5.16667;1.25
597;3;5.08333;5.16667;1.25
598;3;5.08333;5.16667;1.25
599;3;5.08333;5.16667;1.25
600;3;5.08333;5.16667;1.25
601;3;5.08333;5.16667;1.25
602;3;5.08333;5.16667;1.25
603;3;5.08333;5.16667;1.25
604;3;5.08333;5.16667;1.25
605;3;5.08333;5.16667;1.25
606;3;5.08333;5.16667;1.25
607;3;5.08333;5.16667;1.25
608;3;5.08333;5.16667;1.25
609;3;5.08333;5.16667;1.25
610;3;5.08333;5.16667;1.25
611;3;5.08333;5.16667;1.25
612;3;5.08333;5.16667;1.25
613;3;5.08333;5.16667;1.25
614;3;5.08333;5.16667;1.25
615;3;5.08333;5.16667;1.25
616;3;5.08333;5.16667;1.25
617;3;5.08333;5.16667;1.25
618;3;5.08333;5.16667;1.25
619;3;5.08333;5.16667;1.25
620;3;5.08333;5.16667;1.25
621;3;5.08333;5.16667;1.25
622;3;5.08333;5.16667;1.25
623;3;5.08333;5.16667;1.25
624;3;5.08333;5.16667;1.25
625;3;5.08333;5.16667;1.25
626;3;5.08333;5.16667;1.25
627;3;5.08333;5.16667;1.25
628;3;5.08333;5.16667;1.25
629;3;5.08333;5.16667;1.25
630;3;5.08333;5.16667;1.25
631;3;5.08333;5.16667;1.25
632;3;5.08333;5.16667;1.25
633;3;5.08333;5.16667;1.25
634;3;5.08333;5.16667;1.25
635;3;5.08333;5.16667;1.25
636;3;5.08333;5.16667;1.25
637;3;5.08333;5.16667;1.25
638;3;5.08333;5.16667;1.25
639;3;5.08333;5.16667;1.25
640;3;5.08333;5.16667;1.25
641;3;5.08333;5.16667;1.25
642;3;5.08333;5.16667;1.25
643;3;5.08333;5.16667;1.25
644;3;5.08333;5.16667;1.25
645;3;5.08333;5.16667;1.25
646;3;5.08333;5.16667;1.25
647;3;5.08333;5.16667;1.25
648;3;5.08333;5.16667;1.25
649;3;5.08333;5.16667;1.25
650;3;5.08333;5.16667;1.25
651;3;5.08333;5.16667;1.25
652;3;5.08333;5.16667;1.25
653;3;5.08333;5.16667;1.25
654;3;5.08333;5.16667;1.25
655;3;5.08333;5.16667;1.25
656;3;5.08333;5.16667;1.25
657;3;5.08333;5.16667;1.25
658;3;5.08333;5.16667;1.25
659;3;5.08333;5.16667;1.25
660;3;5.08333;5.16667;1.25
661;3;5.08333;5.16667;1.25
662;3;5.08333;5.16667;1.25
663;3;5.08333;5.16667;1.25
664;3;5.08333;5.16667;1.25
665;3;5.08333;5.16667;1.25
666;3;5.08333;5.16667;1.25
667;3;5.08333;5.16667;1.25
668;3;5.08333;5.16667;1.25
669;3;5.08333;5.16667;1.25
670;3;5.08333;5.16667;1.25
671;3;5.08333;5.16667;1.25
672;3;5.08333;5.16667;1.25
673;3;5.08333;5.16667;1.25
674;3;5.08333;5.16667;1.25
675;3;5.08333;5.16667;1.25
676;3;5.08333;5.16667;1.25
677;3;5.08333;5.16667;1.25
678;3;5.08333;5.16667;1.25
679;3;5.08333;5.16667;1.25
680;3;5.08333;5.16667;1.25
681;3;5.08333;5.16667;1.25
682;3;5.08333;5.16667;1.25
683;3;5.08333;5.16667;1.25
684;3;5.08333;5.16667;1.25
685;3;5.08333;5.16667;1.25
686;3;5.08333;5.16667;1.25
687;3;5.08333;5.16667;1.25
688;3;5.08333;5.16667;1.25
689;3;5.08333;5.16667;1.25
690;3;5.08333;5.16667;1.25
691;3;5.08333;5.16667;1.25
692;3;5.08333;5.16667;1.25
693;3;5.08333;5.16667;1.25
694;3;5.08333;5.16667;1.25
695;3;5.08333;5.16667;1.25
696;3;5.08333;5.16667;1.25
697;3;5.08333;5.16667;1.25
698;3;5.08333;5.16667;1.25
699;3;5.08333;5.16667;1.25
700;3;5.08333;5.16667;1.25
701;3;5.08333;5.16667;1.25
702;3;5.08333;5.16667;1.25
703;3;5.08333;5.16667;1.25
704;3;5.08333;5.16667;1.25
705;3;5.08333;5.16667;1.25
706;3;5.08333;5.16667;1.25
707;3;5.08333;5.16667;1.25
708;3;5.08333;5.16667;1.25
709;3;5.08333;5.16667;1.25
710;3;5.08333;5.16667;1.25
711;3;5.08333;5.16667;1.25
712;3;5.08333;5.16667;1.25
713;3;5.08333;5.16667;1.25
714;3;5.08333;5.16667;1.25
715;3;5.08333;5.16667;1.25
716;3;5.08333;5.16667;1.25
717;3;5.08333;5.16667;1.25
718;3;5.08333;5.16667;1.25
719;3;5.08333;5.16667;1.25
720;3;5.08333;5.16667;1.25
721;3;5.08333;5.16667;1.25
722;3;5.08333;5.16667;1.25
723;3;5.08333;5.16667;1.25
724;3;5.08333;5.16667;1.25
725;3;5.08333;5.16667;1.25
726;3;5.08333;5.16667;1.25
727;3;5.08333;5.16667;1.25
728;3;5.08333;5.16667;1.25
729;3;5.08333;5.16667;1.25
730;3;5.08333;5.16667;1.25
731;3;5.08333;5.16667;1.25
732;3;5.08333;5.16667;1.25
733;3;5.08333;5.16667;1.25
734;3;5.08333;5.16667;1.25
735;3;5.08333;5.16667;1.25
736;3;5.08333;5.16667;1.25
737;3;5.08333;5.16667;1.25
738;3;5.08333;5.16667;1.25
739;3;5.08333;5.16667;1.25
740;3;5.08333;5.16667;1.25
741;3;5.08333;5.16667;1.25
742;3;5.08333;5.16667;1.25
743;3;5.08333;5.16667;1.25
744;3;5.08333;5.16667;1.25
745;3;5.08333;5.16667;1.25
746;3;5.08333;5.16667;1.25
747;3;5.08333;5.16667;1.25
748;3;5.08333;5.16667;1.25
749;3;5.08333;5.16667;1.25
750;3;5.08333;5.16667;1.25
751;3;5.08333;5.16667;1.25
752;3;5.08333;5.16667;1.25
753;3;5.08333;5.16667;1.25
754;3;5.08333;5.16667;1.25
755;3;5.08333;5.16667;1.25
756;3;5.08333;5.16667;1.25
757;3;5.08333;5.16667;1.25
758;3;5.08333;5.16667;1.25
759;3;5.08333;5.16667;1.25
760;3;5.08333;5.16667;1.25
761;3;5.08333;5.16667;1.25
762;3;5.08333;5.16667;1.25
763;3;5.08333;5.16667;1.25
764;3;5.08333;5.16667;1.25
765;3;5.08333;5.16667;1.25
766;3;5.08333;5.16667;1.25
767;3;5.08333;5.16667;1.25
768;3;5.08333;5.16667;1.25
769;3;5.08333;5.16667;1.25
770;3;5.08333;5.16667;1.25
771;3;5.08333;5.16667;1.25
772;3;5.08333;5.16667;1.25
773;3;5.08333;5.16667;1.25
774;3;5.08333;5.16667;1.25
775;3;5.08333;5.16667;1.25
776;3;5.08333;5.16667;1.25
777;3;5.08333;5.16667;1.25
778;3;5.08333;5.16667;1.25
779;3;5.08333;5.16667;1.25
780;3;5.08333;5.16667;1.25
781;3;5.08333;5.16667;1.25
782;3;5.08333;5.16667;1.25
783;3;5.08333;5.16667;1.25
784;3;5.08333;5.16667;1.25
785;3;5.08333;5.16667;1.25
786;3;5.08333;5.16667;1.25
787;3;5.08333;5.16667;1.25
788;3;5.08333;5.16667;1.25
789;3;5.08333;5.16667;1.25
790;3;5.08333;5.16667;1.25
791;3;5.08333;5.16667;1.25
792;3;5.08333;5.16667;1.25
793;3;5.08333;5.16667;1.25
794;3;5.08333;5.16667;1.25
795;3;5.08333;5.16667;1.25
796;3;5.08333;5.16667;1.25
797;3;5.08333;5.16667;1.25
798;3;5.08333;5.16667;1.25
799;3;5.08333;5.16667;1.25
800;3;5.08333;5.16667;1.25
801;3;5.08333;5.16667;1.25
802;3;5.08333;5.16667;1.25
803;3;5.08333;5.16667;1.25
804;3;5.08333;5.16667;1.25
805;3;5.08333;5.16667;1.25
806;3;5.08333;5.16667;1.25
807;3;5.08333;5.16667;1.25
808;3;5.08333;5.16667;1.25
809;3;5.08333;5.16667;1.25
810;3;5.08333;5.16667;1.25
811;3;5.08333;5.16667;1.25
812;3;5.08333;5.16667;1.25
813;3;5.08333;5.16667;1.25
814;3;5.08333;5.16667;1.25
815;3;5.08333;5.16667;1.25
816;3;5.08333;5.16667;1.25
817;3;5.08333;5.16667;1.25
818;3;5.08333;5.16667;1.25
819;3;5.08333;5.16667;1.25
820;3;5.08333;5.16667;1.25
821;3;5.08333;5.16667;1.25
822;3;5.08333;5.16667;1.25
823;3;5.08333;5.16667;1.25
824;3;5.08333;5.16667;1.25
825;3;5.08333;5.16667;1.25
826;3;5.08333;5.16667;1.25
827;3;5.08333;5.16667;1.25
828;3;5.08333;5.16667;1.25
829;3;5.08333;5.16667;1.25
830;3;5.08333;5.16667;1.25
831;3;5.08333;5.16667;1.25
832;3;5.08333;5.16667;1.25
833;3;5.08333;5.16667;1.25
834;3;5.08333;5.16667;1.25
835;3;5.08333;5.16667;1.25
836;3;5.08333;5.16667;1.25
837;3;5.08333;5.16667;1.25
838;3;5.08333;5.16667;1.25
839;3;5.08333;5.16667;1.25
840;3;5.08333;5.16667;1.25
841;3;5.08333;5.16667;1.25
842;3;5.08333;5.16667;1.25
843;3;5.08333;5.16667;1.25
844;3;5.08333;5.16667;1.25
845;3;5.08333;5.16667;1.25
846;3;5.08333;5.16667;1.25
847;3;5.08333;5.16667;1.25
848;3;5.08333;5.16667;1.25
849;3;5.08333;5.16667;1.25
850;3;5.08333;5.16667;1.25
851;3;5.08333;5.16667;1.25
852;3;5.08333;5.16667;1.25
853;3;5.08333;5.16667;1.25
854;3;5.08333;5.16667;1.25
855;3;5.08333;5.16667;1.25
856;3;5.08333;5.16667;1.25
857;3;5.08333;5.16667;1.25
858;3;5.08333;5.16667;1.25
859;3;5.08333;5.16667;1.25
860;3;5.08333;5.16667;1.25
861;3;5.08333;5.16667;1.25
862;3;5.08333;5.16667;1.25
863;3;5.08333;5.16667;1.25
864;3;5.08333;5.16667;1.25
865;3;5.08333;5.16667;1.25
866;3;5.08333;5.16667;1.25
867;3;5.08333;5.16667;1.25
868;3;5.08333;5.16667;1.25
869;3;5.08333;5.16667;1.25
870;3;5.08333;5.16667;1.25
871;3;5.08333;5.16667;1.25
872;3;5.08333;5.16667;1.25
873;3;5.08333;5.16667;1.25
874;3;5.08333;5.16667;1.25
875;3;5.08333;5.16667;1.25
876;3;5.08333;5.16667;1.25
877;3;5.08333;5.16667;1.25
878;3;5.08333;5.16667;1.25
879;3;5.08333;5.16667;1.25
880;3;5.08333;5.16667;1.25
881;3;5.08333;5.16667;1.25
882;3;5.08333;5.16667;1.25
883;3;5.08333;5.16667;1.25
884;3;5.08333;5.16667;1.25
885;3;5.08333;5.16667;1.25
886;3;5.08333;5.16667;1.25
887;3;5.08333;5.16667;1.25
888;3;5.08333;5.16667;1.25
889;3;5.08333;5.16667;1.25
890;3;5.08333;5.16667;1.25
891;3;5.08333;5.16667;1.25
892;3;5.08333;5.16667;1.25
893;3;5.08333;5.16667;1.25
894;3;5.08333;5.16667;1.25
895;3;5.08333;5.16667;1.25
896;3;5.08333;5.16667;1.25
897;3;5.08333;5.16667;1.25
898;3;5.08333;5.16667;1.25
899;3;5.08333;5.16667;1.25
900;3;5.08333;5.16667;1.25
901;3;5.08333;5.16667;1.25
902;3;5.08333;5.16667;1.25
903;3;5.08333;5.16667;1.25
904;3;5.08333;5.16667;1.25
905;3;5.08333;5.16667;1.25
906;3;5.08333;5.16667;1.25
907;3;5.08333;5.16667;1.25
908;3;5.08333;5.16667;1.25
909;3;5.08333;5.16667;1.25
910;3;5.08333;5.16667;1.25
911;3;5.08333;5.16667;1.25
912;3;5.08333;5.16667;1.25
913;3;5.08333;5.16667;1.25
914;3;5.08333;5.16667;1.25
915;3;5.08333;5.16667;1.25
916;3;5.08333;5.16667;1.25
917;3;5.08333;5.16667;1.25
918;3;5.08333;5.16667;1.25
919;3;5.08333;5.16667;1.25
920;3;5.08333;5.16667;1.25
921;3;5.08333;5.16667;1.25
922;3;5.08333;5.16667;1.25
923;3;5.08333;5.16667;1.25
924;3;5.08333;5.16667;1.25
925;3;5.08333;5.16667;1.25
926;3;5.08333;5.16667;1.25
927;3;5.08333;5.16667;1.25
928;3;5.08333;5.16667;1.25
929;3;5.08333;5.16667;1.25
930;3;5.08333;5.16667;1.25
931;3;5.08333;5.16667;1.25
932;3;5.08333;5.16667;1.25
933;3;5.08333;5.16667;1.25
934;3;5.08333;5.16667;1.25
935;3;5.08333;5.16667;1.25
936;3;5.08333;5.16667;1.25
937;3;5.08333;5.16667;1.25
938;3;5.08333;5.16667;1.25
939;3;5.08333;5.16667;1.25
940;3;5.08333;5.16667;1.25
941;3;5.08333;5.16667;1.25
942;3;5.08333;5.16667;1.25
943;3;5.08333;5.16667;1.25
944;3;5.08333;5.16667;1.25
945;3;5.08333;5.16667;1.25
946;3;5.08333;5.16667;1.25
947;3;5.08333;5.16667;1.25
948;3;5.08333;5.16667;1.25
949;3;5.08333;5.16667;1.25
950;3;5.08333;5.16667;1.25
951;3;5.08333;5.16667;1.25
952;3;5.08333;5.16667;1.25
953;3;5.08333;5.16667;1.25
954;3;5.08333;5.16667;1.25
955;3;5.08333;5.16667;1.25
956;3;5.08333;5.16667;1.25
957;3;5.08333;5.16667;1.25
958;3;5.08333;5.16667;1.25
959;3;5.08333;5.16667;1.25
960;3;5.08333;5.16667;1.25
961;3;5.08333;5.16667;1.25
962;3;5.08333;5.16667;1.25
963;3;5.08333;5.16667;1.25
964;3;5.08333;5.16667;1.25
965;3;5.08333;5.16667;1.25
966;3;5.08333;5.16667;1.25
967;3;5.08333;5.16667;1.25
968;3;5.08333;5.16667;1.25
969;3;5.08333;5.16667;1.25
970;3;5.08333;5.16667;1.25
971;3;5.08333;5.16667;1.25
972;3;5.08333;5.16667;1.25
973;3;5.08333;5.16667;1.25
974;3;5.08333;5.16667;1.25
975;3;5.08333;5.16667;1.25
976;3;5.08333;5.16667;1.25
977;3;5.08333;5.16667;1.25
978;3;5.08333;5.16667;1.25
979;3;5.08333;5.16667;1.25
980;3;5.08333;5.16667;1.25
981;3;5.08333;5.16667;1.25
982;3;5.08333;5.16667;1.25
983;3;5.08333;5.16667;1.25
984;3;5.08333;5.16667;1.25
985;3;5.08333;5.16667;1.25
986;3;5.08333;5.16667;1.25
987;3;5.08333;5.16667;1.25
988;3;5.08333;5.16667;1.25
989;3;5.08333;5.16667;1.25
990;3;5.08333;5.16667;1.25
991;3;5.08333;5.16667;1.25
992;3;5.08333;5.16667;1.25
993;3;5.08333;5.16667;1.25
994;3;5.08333;5.16667;1.25
995;3;5.08333;5.16667;1.25
996;3;5.08333;5.16667;1.25
997;3;5.08333;5.16667;1.25
998;3;5.08333;5.16667;1.25
999;3;5.08333;5.16667;1.25
1000;3;5.08333;5.16667;1.25
1001;3;5.08333;5.16667;1.25
1002;3;5.08333;5.16667;1.25
1003;3;5.08333;5.16667;1.25
1004;3;5.08333;5.16667;1.25
1005;3;5.08333;5.16667;1.25
1006;3;5.08333;5.16667;1.25
1007;3;5.08333;5.16667;1.25
1008;3;5.08333;5.16667;1.25
1009;3;5.08333;5.16667;1.25
1010;3;5.08333;5.16667;1.25
1011;3;5.08333;5.16667;1.25
1012;3;5.08333;5.16667;1.25
1013;3;5.08333;5.16667;1.25
1014;3;5.08333;5.16667;1.25
1015;3;5.08333;5.16667;1.25
1016;3;5.08333;5.16667;1.25
1017;3;5.08333;5.16667;1.25
1018;3;5.08333;5.16667;1.25
1019;3;5.08333;5.16667;1.25
1020;3;5.08333;5.16667;1.25
1021;3;5.08333;5.16667;1.25
1022;3;5.08333;5.16667;1.25
1023;3;5.08333;5.16667;1.25
1024;3;5.08333;5.16667;1.25
1025;3;5.08333;5.16667;1.25
1026;3;5.08333;5.16667;1.25
1027;3;5.08333;5.16667;1.25
1028;3;5.08333;5.16667;1.25
1029;3;5.08333;5.16667;1.25
1030;3;5.08333;5.16667;1.25
1031;3;5.08333;5.16667;1.25
1032;3;5.08333;5.16667;1.25
1033;3;5.08333;5.16667;1.25
1034;3;5.08333;5.16667;1.25
1035;3;5.08333;5.16667;1.25
1036;3;5.08333;5.16667;1.25
1037;3;5.08333;5.16667;1.25
1038;3;5.08333;5.16667;1.25
1039;3;5.08333;5.16667;1.25
1040;3;5.08333;6.16667;1.25
1041;3;5.08333;6.16667;1.25
1042;3;5.08333;6.16667;1.25
1043;3;5.08333;6.16667;1.25
1044;3;5.08333;6.16667;1.25
1045;3;5.08333;6.16667;1.25
1046;3;5.08333;6.16667;1.25
1047;3;5.08333;6.16667;1.25
1048;3;5.08333;6.16667;1.25
1049;3;5.08333;6.16667;1.25
1050;3;5.08333;6.16667;1.25
1051;3;5.08333;6.16667;1.25
1052;3;5.08333;6.16667;1.25
1053;3;5.08333;6.16667;1.25
1054;3;5.08333;6.16667;1.25
1055;3;5.08333;6.16667;1.25
1056;3;5.08333;6.16667;1.25
1057;3;5.08333;6.16667;1.25
1058;3;5.08333;6.16667;1.25
1059;3;5.08333;6.16667;1.25
1060;3;5.08333;6.16667;1.25
1061;3;5.08333;6.16667;1.25
1062;3;5.08333;6.16667;1.25
1063;3;5.08333;6.16667;1.25
1064;3;5.08333;6.16667;1.25
1065;3;5.08333;6.16667;1.25
1066;3;5.08333;6.16667;1.25
1067;3;5.08333;6.16667;1.25
1068;3;5.08333;6.16667;1.25
1069;3;5.08333;6.16667;1.25
1070;3;5.08333;6.16667;1.25
1071;3;5.08333;6.16667;1.25
1072;3;5.08333;6.16667;1.25
1073;3;5.08333;6.16667;1.25
1074;3;5.08333;6.16667;1.25
1075;3;5.08333;6.16667;1.25
1076;3;5.08333;6.16667;1.25
1077;3;5.08333;6.16667;1.25
1078;3;5.08333;6.16667;1.25
1079;3;5.08333;6.16667;1.25
1080;3;5.08333;6.16667;1.25
1081;3;5.08333;6.16667;1.25
1082;3;5.08333;6.16667;1.25
1083;3;5.08333;6.16667;1.25
1084;3;5.08333;6.16667;1.25
1085;3;5.08333;6.16667;1.25
1086;3;5.08333;6.16667;1.25
1087;3;5.08333;6.16667;1.25
1088;3;5.08333;6.16667;1.25
1089;3;5.08333;6.16667;1.25
1090;3;5.08333;6.16667;1.25
1091;3;5.08333;6.16667;1.25
1092;3;5.08333;6.16667;1.25
1093;3;5.08333;6.16667;1.25
1094;3;5.08333;6.16667;1.25
1095;3;5.08333;6.16667;1.25
1096;3;5.08333;6.16667;1.25
1097;3;5.08333;6.16667;1.25
1098;3;5.08333;6.16667;1.25
1099;3;5.08333;6.16667;1.25
1100;3;5.08333;6.16667;1.25
1101;3;5.08333;6.16667;1.25
1102;3;5.08333;6.16667;1.25
1103;3;5.08333;6.16667;1.25
1104;3;5.08333;6.16667;1.25
1105;3;5.08333;6.16667;1.25
1106;3;5.08333;6.16667;1.25
1107;3;5.08333;6.16667;1.25
1108;3;5.08333;6.16667;1.25
1109;3;5.08333;6.16667;1.25
1110;3;5.08333;6.16667;1.25
1111;3;5.08333;6.16667;1.25
1112;3;5.08333;6.16667;1.25
1113;3;5.08333;6.16667;1.25
1114;3;5.08333;6.16667;1.25
1115;3;5.08333;6.16667;1.25
1116;3;5.08333;6.16667;1.25
1117;3;5.08333;6.16667;1.25
1118;3;5.08333;6.16667;1.25
1119;3;5.08333;6.16667;1.25
1120;3;5.08333;6.16667;1.25
1121;3;5.08333;6.16667;1.25
1122;3;5.08333;6.16667;1.25
1123;3;5.08333;6.16667;1.25
1124;3;5.08333;6.16667;1.25
1125;3;5.08333;6.16667;1.25
1126;3;5.08333;6.16667;1.25
1127;3;5.08333;6.16667;1.25
1128;3;5.08333;6.16667;1.25
1129;3;5.08333;6.16667;1.25
1130;3;5.08333;6.16667;1.25
1131;3;5.08333;6.16667;1.25
1132;3;5.08333;6.16667;1.25
1133;3;5.08333;6.16667;1.25
1134;3;5.08333;6.16667;1.25
1135;3;5.08333;6.16667;1.25
1136;3;5.08333;6.16667;1.25
1137;3;5.08333;6.16667;1.25
1138;3;5.08333;6.16667;1.25
1139;3;5.08333;6.16667;1.25
1140;3;5.08333;6.16667;1.25
1141;3;5.08333;6.16667;1.25
1142;3;5.08333;6.16667;1.25
1143;3;5.08333;6.16667;1.25
1144;3;5.08333;6.16667;1.25
1145;3;5.08333;6.16667;1.25
1146;3;5.08333;6.16667;1.25
1147;3;5.08333;6.16667;1.25
1148;3;5.08333;6.16667;1.25
1149;3;5.08333;6.16667;1.25
1150;3;5.08333;6.16667;1.25
1151;3;5.08333;6.16667;1.25
1152;3;5.08333;6.16667;1.25
1153;3;5.08333;6.16667;1.25
1154;3;5.08333;6.16667;1.25
1155;3;5.08333;6.16667;1.25
1156;3;5.08333;6.16667;1.25
1157;3;5.08333;6.16667;1.25
1158;3;5.08333;6.16667;1.25
1159;3;5.08333;6.16667;1.25
1160;3;5.08333;6.16667;1.25
1161;3;5.08333;6.16667;1.25
1162;3;5.08333;6.16667;1.25
1163;3;5.08333;6.16667;1.25
1164;3;5.08333;6.16667;1.25
1165;3;5.08333;6.16667;1.25
1166;3;5.08333;6.16667;1.25
1167;3;5.08333;6.16667;1.25
1168;3;5.08333;6.16667;1.25
1169;3;5.08333;6.16667;1.25
1170;3;5.08333;6.16667;1.25
1171;3;5.08333;6.16667;1.25
1172;3;5.08333;6.16667;1.25
1173;3;5.08333;6.16667;1.25
1174;3;5.08333;6.16667;1.25
1175;3;5.08333;6.16667;1.25
1176;3;5.08333;6.16667;1.25
1177;3;5.08333;6.16667;1.25
1178;3;5.08333;6.16667;1.25
1179;3;5.08333;6.16667;1.25
1180;3;5.08333;6.16667;1.25
1181;3;5.08333;6.16667;1.25
1182;3;5.08333;6.16667;1.25
1183;3;5.08333;6.16667;1.25
1184;3;5.08333;6.16667;1.25
1185;3;5.08333;6.16667;1.25
1186;3;5.08333;6.16667;1.25
1187;3;5.08333;6.16667;1.25
1188;3;5.08333;6.16667;1.25
1189;3;5.08333;6.16667;1.25
1190;3;5.08333;6.16667;1.25
1191;3;5.08333;6.16667;1.25
1192;3;5.08333;6.16667;1.25
1193;3;5.08333;6.16667;1.25
1194;3;5.08333;6.16667;1.25
1195;3;5.08333;6.16667;1.25
1196;3;5.08333;6.16667;1.25
1197;3;5.08333;6.16667;1.25
1198;3;5.08333;6.16667;1.25
1199;3;5.08333;6.16667;1.25
1200;3;5.08333;6.16667;1.25
1201;3;5.08333;6.16667;1.25
1202;3;5.08333;6.16667;1.25
1203;3;5.08333;6.16667;1.25
1204;3;5.08333;6.16667;1.25
1205;3;5.08333;6.16667;1.25
1206;3;5.08333;6.16667;1.25
1207;3;5.08333;6.16667;1.25
1208;3;5.08333;6.16667;1.25
1209;3;5.08333;6.16667;1.25
1210;3;5.08333;6.16667;1.25
1211;3;5.08333;6.16667;1.25
1212;3;5.08333;6.16667;1.25
1213;3;5.08333;6.16667;1.25
1214;3;5.08333;6.16667;1.25
1215;3;5.08333;6.16667;1.25
1216;3;5.08333;6.16667;1.25
1217;3;5.08333;6.16667;1.25
1218;3;5.08333;6.16667;1.25
1219;3;5.08333;6.16667;1.25
1220;3;5.08333;6.16667;1.25
1221;3;5.08333;6.16667;1.25
1222;3;5.08333;6.16667;1.25
1223;3;5.08333;6.16667;1.25
1224;3;5.08333;6.16667;1.25
1225;3;5.08333;6.16667;1.25
1226;3;5.08333;6.16667;1.25
1227;3;5.08333;6.16667;1.25
1228;3;5.08333;6.16667;1.25
1229;3;5.08333;6.16667;1.25
1230;3;5.08333;6.16667;1.25
1231;3;5.08333;6.16667;1.25
1232;3;5.08333;6.16667;1.25
1233;3;5.08333;6.16667;1.25
1234;3;5.08333;6.16667;1.25
1235;3;5.08333;6.16667;1.25
1236;3;5.08333;6.16667;1.25
1237;3;5.08333;6.16667;1.25
1238;3;5.08333;6.16667;1.25
1239;3;5.08333;6.16667;1.25
1240;3;5.08333;6.16667;1.25
1241;3;5.08333;6.16667;1.25
1242;3;5.08333;6.16667;1.25
1243;3;5.08333;6.16667;1.25
1244;3;5.08333;6.16667;1.25
1245;3;5.08333;6.16667;1.25
1246;3;5.08333;6.16667;1.25
1247;3;5.08333;6.16667;1.25
1248;3;5.08333;6.16667;1.25
1249;3;5.08333;6.16667;1.25
1250;3;5.08333;6.16667;1.25
1251;3;5.08333;6.16667;1.25
1252;3;5.08333;6.16667;1.25
1253;3;5.08333;6.16667;1.25
1254;3;5.08333;6.16667;1.25
1255;3;5.08333;6.16667;1.25
1256;3;5.08333;6.16667;1.25
1257;3;5.08333;6.16667;1.25
1258;3;5.08333;6.16667;1.25
1259;3;5.08333;6.16667;1.25
1260;3;5.08333;6.16667;1.25
1261;3;5.08333;6.16667;1.25
1262;3;5.08333;6.16667;1.25
1263;3;5.08333;6.16667;1.25
1264;3;5.08333;6.16667;1.25
1265;3;5.08333;6.16667;1.25
1266;3;5.08333;6.16667;1.25
1267;3;5.08333;6.16667;1.25
1268;3;5.08333;6.16667;1.25
1269;3;5.08333;6.16667;1.25
1270;3;5.08333;6.16667;1.25
1271;3;5.08333;6.16667;1.25
1272;3;5.08333;6.16667;1.25
1273;3;5.08333;6.16667;1.25
1274;3;5.08333;6.16667;1.25
1275;3;5.08333;6.16667;1.25
1276;3;5.08333;6.16667;1.25
1277;3;5.08333;6.16667;1.25
1278;3;5.08333;6.16667;1.25
1279;3;5.08333;6.16667;1.25
1280;3;5.08333;6.16667;1.25
1281;3;5.08333;6.16667;1.25
1282;3;5.08333;6.16667;1.25
1283;3;5.08333;6.16667;1.25
1284;3;5.08333;6.16667;1.25
1285;3;5.08333;6.16667;1.25
1286;3;5.08333;6.16667;1.25
1287;3;5.08333;6.16667;1.25
1288;3;5.08333;6.16667;1.25
1289;3;5.08333;6.16667;1.25
1290;3;5.08333;6.16667;1.25
1291;3;5.08333;6.16667;1.25
1292;3;5.08333;6.16667;1.25
1293;3;5.08333;6.16667;1.25
1294;3;5.08333;6.16667;1.25
1295;3;5.08333;6.16667;1.25
1296;3;5.08333;6.16667;1.25
1297;3;5.08333;6.16667;1.25
1298;3;5.08333;6.16667;1.25
1299;3;5.08333;6.16667;1.25
1300;3;5.08333;6.16667;1.25
1301;3;5.08333;6.16667;1.25
1302;3;5.08333;6.16667;1.25
1303;3;5.08333;6.16667;1.25
1304;3;5.08333;6.16667;1.25
1305;3;5.08333;6.16667;1.25
1306;3;5.08333;6.16667;1.25
1307;3;5.08333;6.16667;1.25
1308;3;5.08333;6.16667;1.25
1309;3;5.08333;6.16667;1.25
1310;3;5.08333;6.16667;1.25
1311;3;5.08333;6.16667;1.25
1312;3;5.08333;6.16667;1.25
1313;3;5.08333;6.16667;1.25
1314;3;5.08333;6.16667;1.25
1315;3;5.08333;6.16667;1.25
1316;3;5.08333;6.16667;1.25
1317;3;5.08333;6.16667;1.25
1318;3;5.08333;6.16667;1.25
1319;3;5.08333;6.16667;1.25
1320;3;5.08333;6.16667;1.25
1321;3;5.08333;6.16667;1.25
1322;3;5.08333;6.16667;1.25
1323;3;5.08333;6.16667;1.25
1324;3;5.08333;6.16667;1.25
1325;3;5.08333;6.16667;1.25
1326;3;5.08333;6.16667;1.25
1327;3;5.08333;6.16667;1.25
1328;3;5.08333;6.16667;1.25
1329;3;5.08333;6.16667;1.25
1330;3;5.08333;6.16667;1.25
1331;3;5.08333;6.16667;1.25
1332;3;5.08333;6.16667;1.25
1333;3;5.08333;6.16667;1.25
1334;3;5.08333;6.16667;1.25
1335;3;5.08333;6.16667;1.25
1336;3;5.08333;6.16667;1.25
1337;3;5.08333;6.16667;1.25
1338;3;5.08333;6.16667;1.25
1339;3;5.08333;6.16667;1.25
1340;3;5.08333;6.16667;1.25
1341;3;5.08333;6.16667;1.25
1342;3;5.08333;6.16667;1.25
1343;3;5.08333;6.16667;1.25
1344;3;5.08333;6.16667;1.25
1345;3;5.08333;6.16667;1.25
1346;3;5.08333;6.16667;1.25
1347;3;5.08333;6.16667;1.25
1348;3;5.08333;6.16667;1.25
1349;3;5.08333;6.16667;1.25
1350;3;5.08333;6.16667;1.25
1351;3;5.08333;6.16667;1.25
1352;3;5.08333;6.16667;1.25
1353;3;5.08333;6.16667;1.25
1354;3;5.08333;6.16667;1.25
1355;3;5.08333;6.16667;1.25
1356;3;5.08333;6.16667;1.25
1357;3;5.08333;6.16667;1.25
1358;3;5.08333;6.16667;1.25
1359;3;5.08333;6.16667;1.25
1360;3;5.08333;6.16667;1.25
1361;3;5.08333;6.16667;1.25
1362;3;5.08333;6.16667;1.25
1363;3;5.08333;6.16667;1.25
1364;3;5.08333;6.16667;1.25
1365;3;5.08333;6.16667;1.25
1366;3;5.08333;6.16667;1.25
1367;3;5.08333;6.16667;1.25
1368;3;5.08333;6.16667;1.25
1369;3;5.08333;6.16667;1.25
1370;3;5.08333;6.16667;1.25
1371;3;5.08333;6.16667;1.25
1372;3;5.08333;6.16667;1.25
1373;3;5.08333;6.16667;1.25
1374;3;5.08333;6.16667;1.25
1375;3;5.08333;6.16667;1.25
1376;3;5.08333;6.16667;1.25
1377;3;5.08333;6.16667;1.25
1378;3;5.08333;6.16667;1.25
1379;3;5.08333;6.16667;1.25
1380;3;5.08333;6.16667;1.25
1381;3;5.08333;6.16667;1.25
1382;3;5.08333;6.16667;1.25
1383;3;5.08333;6.16667;1.25
1384;3;5.08333;6.16667;1.25
1385;3;5.08333;6.16667;1.25
1386;3;5.08333;6.16667;1.25
1387;3;5.08333;6.16667;1.25
1388;3;5.08333;6.16667;1.25
1389;3;5.08333;6.16667;1.25
1390;3;5.08333;6.16667;1.25
1391;3;5.08333;6.16667;1.25
1392;3;5.08333;6.16667;1.25
1393;3;5.08333;6.16667;1.25
1394;3;5.08333;6.16667;1.25
1395;3;5.08333;6.16667;1.25
1396;3;5.08333;6.16667;1.25
1397;3;5.08333;6.16667;1.25
1398;3;5.08333;6.16667;1.25
1399;3;5.08333;6.16667;1.25
1400;3;5.08333;6.16667;1.25
1401;3;5.08333;6.16667;1.25
1402;3;5.08333;6.16667;1.25
1403;3;5.08333;6.16667;1.25
1404;3;5.08333;6.16667;1.25
1405;3;5.08333;6.16667;1.25
1406;3;5.08333;6.16667;1.25
1407;3;5.08333;6.16667;1.25
1408;3;5.08333;6.16667;1.25
1409;3;5.08333;6.16667;1.25
1410;3;5.08333;6.16667;1.25
1411;3;5.08333;6.16667;1.25
1412;3;5.08333;6.16667;1.25
1413;3;5.08333;6.16667;1.25
1414;3;5.08333;6.16667;1.25
1415;3;5.08333;6.16667;1.25
1416;3;5.08333;6.16667;1.25
1417;3;5.08333;6.16667;1.25
1418;3;5.08333;6.16667;1.25
1419;3;5.08333;6.16667;1.25
1420;3;5.08333;6.16667;1.25
1421;3;5.08333;6.16667;1.25
1422;3;5.08333;6.16667;1.25
1423;3;5.08333;6.16667;1.25
1424;3;5.08333;6.16667;1.25
1425;3;5.08333;6.16667;1.25
1426;3;5.08333;6.16667;1.25
1427;3;5.08333;6.16667;1.25
1428;3;5.08333;6.16667;1.25
1429;3;5.08333;6.16667;1.25
1430;3;5.08333;6.16667;1.25
1431;3;5.08333;6.16667;1.25
1432;3;5.08333;6.16667;1.25
1433;3;5.08333;6.16667;1.25
1434;3;5.08333;6.16667;1.25
1435;3;5.08333;6.16667;1.25
1436;3;5.08333;6.16667;1.25
1437;3;5.08333;6.16667;1.25
1438;3;5.08333;6.16667;1.25
1439;3;5.08333;6.16667;1.25
1440;3;5.08333;6.16667;1.25
1441;3;5.08333;6.16667;1.25
1442;3;5.08333;6.16667;1.25
1443;3;5.08333;6.16667;1.25
1444;3;5.08333;6.16667;1.25
1445;3;5.08333;6.16667;1.25
1446;3;5.08333;6.16667;1.25
1447;3;5.08333;6.16667;1.25
1448;3;5.08333;6.16667;1.25
1449;3;5.08333;6.16667;1.25
1450;3;5.08333;6.16667;1.25
1451;3;5.08333;6.16667;1.25
1452;3;5.08333;6.16667;1.25
1453;3;5.08333;6.16667;1.25
1454;3;5.08333;6.16667;1.25
1455;3;5.08333;6.16667;1.25
1456;3;5.08333;6.16667;1.25
1457;3;5.08333;6.16667;1.25
1458;3;5.08333;6.16667;1.25
1459;3;5.08333;6.16667;1.25
1460;3;5.08333;6.16667;1.25
1461;3;5.08333;6.16667;1.25
1462;3;5.08333;6.16667;1.25
1463;3;5.08333;6.16667;1.25
1464;3;5.08333;6.16667;1.25
1465;3;5.08333;6.16667;1.25
1466;3;5.08333;6.16667;1.25
1467;3;5.08333;6.16667;1.25
1468;3;5.08333;6.16667;1.25
1469;3;5.08333;6.16667;1.25
1470;3;5.08333;6.16667;1.25
1471;3;5.08333;6.16667;1.25
1472;3;5.08333;6.16667;1.25
1473;3;5.08333;6.16667;1.25
1474;3;5.08333;6.16667;1.25
1475;3;5.08333;6.16667;1.25
1476;3;5.08333;6.16667;1.25
1477;3;5.08333;6.16667;1.25
1478;3;5.08333;6.16667;1.25
1479;3;5.08333;6.16667;1.25
1480;3;5.08333;6.16667;1.25
1481;3;5.08333;6.16667;1.25
1482;3;5.08333;6.16667;1.25
1483;3;5.08333;6.16667;1.25
1484;3;5.08333;6.16667;1.25
1485;3;5.08333;6.16667;1.25
1486;3;5.08333;6.16667;1.25
1487;3;5.08333;6.16667;1.25
1488;3;5.08333;6.16667;1.25
1489;3;5.08333;6.16667;1.25
1490;3;5.08333;6.16667;1.25
1491;3;5.08333;6.16667;1.25
1492;3;5.08333;6.16667;1.25
1493;3;5.08333;6.16667;1.25
1494;3;5.08333;6.16667;1.25
1495;3;5.08333;6.16667;1.25
1496;3;5.08333;6.16667;1.25
1497;3;5.08333;6.16667;1.25
1498;3;5.08333;6.16667;1.25
1499;3;5.08333;6.16667;1.25
1500;3;5.08333;6.16667;1.25
1501;3;5.08333;6.16667;1.25
1502;3;5.08333;6.16667;1.25
1503;3;5.08333;6.16667;1.25
1504;3;5.08333;6.16667;1.25
1505;3;5.08333;6.16667;1.25
1506;3;5.08333;6.16667;1.25
1507;3;5.08333;6.16667;1.25
1508;3;5.08333;6.16667;1.25
1509;3;5.08333;6.16667;1.25
1510;3;5.08333;6.16667;1.25
1511;3;5.08333;6.16667;1.25
1512;3;5.08333;6.16667;1.25
1513;3;5.08333;6.16667;1.25
1514;3;5.08333;6.16667;1.25
1515;3;5.08333;6.16667;1.25
1516;3;5.08333;6.16667;1.25
1517;3;5.08333;6.16667;1.25
1518;3;5.08333;6.16667;1.25
1519;3;5.08333;6.16667;1.25
1520;3;5.08333;6.16667;1.25
1521;3;5.08333;6.16667;1.25
1522;3;5.08333;6.16667;1.25
1523;3;5.08333;6.16667;1.25
1524;3;5.08333;6.16667;1.25
1525;3;5.08333;6.16667;1.25
1526;3;5.08333;6.16667;1.25
1527;3;5.08333;6.16667;1.25
1528;3;5.08333;6.16667;1.25
1529;3;5.08333;6.16667;1.25
1530;3;5.08333;6.16667;1.25
1531;3;5.08333;6.16667;1.25
1532;3;5.08333;6.16667;1.25
1533;3;5.08333;6.16667;1.25
1534;3;5.08333;6.16667;1.25
1535;3;5.08333;6.16667;1.25
1536;3;5.08333;6.16667;1.25
1537;3;5.08333;6.16667;1.25
1538;3;5.08333;6.16667;1.25
1539;3;5.08333;6.16667;1.25
1540;3;5.08333;6.16667;1.25
1541;3;5.08333;6.16667;1.25
1542;3;5.08333;6.16667;1.25
1543;3;5.08333;6.16667;1.25
1544;3;5.08333;6.16667;1.25
1545;3;5.08333;6.16667;1.25
1546;3;5.08333;7.16667;1.25
1547;3;5.08333;7.16667;1.25
1548;3;5.08333;7.16667;1.25
1549;3;5.08333;7.16667;1.25
1550;3;5.08333;7.16667;1.25
1551;3;5.08333;7.16667;1.25
1552;3;5.08333;7.16667;1.25
1553;3;5.08333;7.16667;1.25
1554;3;5.08333;7.16667;1.25
1555;3;5.08333;7.16667;1.25
1556;3;5.08333;7.16667;1.25
1557;3;5.08333;7.16667;1.25
1558;3;5.08333;7.16667;1.25
1559;3;5.08333;7.16667;1.25
1560;3;5.08333;7.16667;1.25
1561;3;5.08333;7.16667;1.25
1562;3;5.08333;7.16667;1.25
1563;3;5.08333;7.16667;1.25
1564;3;5.08333;7.16667;1.25
1565;3;5.08333;7.16667;1.25
1566;3;5.08333;7.16667;1.25
1567;3;5.08333;7.16667;1.25
1568;3;5.08333;7.16667;1.25
1569;3;5.08333;7.16667;1.25
1570;3;5.08333;7.16667;1.25
1571;3;5.08333;7.16667;1.25
1572;3;5.08333;7.16667;1.25
1573;3;5.08333;7.16667;1.25
1574;3;5.08333;7.16667;1.25
1575;3;5.08333;7.16667;1.25
1576;3;5.08333;7.16667;1.25
1577;3;5.08333;7.16667;1.25
1578;3;5.08333;7.16667;1.25
1579;3;5.08333;7.16667;1.25
1580;3;5.08333;7.16667;1.25
1581;3;5.08333;7.16667;1.25
1582;3;5.08333;7.16667;1.25
1583;3;5.08333;7.16667;1.25
1584;3;5.08333;7.16667;1.25
1585;3;5.08333;7.16667;1.25
1586;3;5.08333;7.16667;1.25
1587;3;5.08333;7.16667;1.25
1588;3;5.08333;7.16667;1.25
1589;3;5.08333;7.16667;1.25
1590;3;5.08333;7.16667;1.25
1591;3;5.08333;7.16667;1.25
1592;3;5.08333;7.16667;1.25
1593;3;5.08333;7.16667;1.25
1594;3;5.08333;7.16667;1.25
1595;3;5.08333;7.16667;1.25
1596;3;5.08333;7.16667;1.25
1597;3;5.08333;7.16667;1.25
1598;3;5.08333;7.16667;1.25
1599;3;5.08333;7.16667;1.25
1600;3;5.08333;7.16667;1.25
1601;3;5.08333;7.16667;1.25
1602;3;5.08333;7.16667;1.25
1603;3;5.08333;7.16667;1.25
1604;3;5.08333;7.16667;1.25
1605;3;5.08333;7.16667;1.25
1606;3;5.08333;7.16667;1.25
1607;3;5.08333;7.16667;1.25
1608;3;5.08333;7.16667;1.25
1609;3;5.08333;7.16667;1.25
1610;3;5.08333;7.16667;1.25
1611;3;5.08333;7.16667;1.25
1612;3;5.08333;7.16667;1.25
1613;3;5.08333;7.16667;1.25
1614;3;5.08333;7.16667;1.25
1615;3;5.08333;7.16667;1.25
1616;3;5.08333;7.16667;1.25
1617;3;5.08333;7.16667;1.25
1618;3;5.08333;7.16667;1.25
1619;3;5.08333;7.16667;1.25
1620;3;5.08333;7.16667;1.25
1621;3;5.08333;7.16667;1.25
1622;3;5.08333;7.16667;1.25
1623;3;5.08333;7.16667;1.25
1624;3;5.08333;7.16667;1.25
1625;3;5.08333;7.16667;1.25
1626;3;5.08333;7.16667;1.25
1627;3;5.08333;7.16667;1.25
1628;3;5.08333;7.16667;1.25
1629;3;5.08333;7.16667;1.25
1630;3;5.08333;7.16667;1.25
1631;3;5.08333;7.16667;1.25
1632;3;5.08333;7.16667;1.25
1633;3;5.08333;7.16667;1.25
1634;3;5.08333;7.16667;1.25
1635;3;5.08333;7.16667;1.25
1636;3;5.08333;7.16667;1.25
1637;3;5.08333;7.16667;1.25
1638;3;5.08333;7.16667;1.25
1639;3;5.08333;7.16667;1.25
1640;3;5.08333;7.16667;1.25
1641;3;5.08333;7.16667;1.25
1642;3;5.08333;7.16667;1.25
1643;3;5.08333;7.16667;1.25
1644;3;5.08333;7.16667;1.25
1645;3;5.08333;7.16667;1.25
1646;3;5.08333;7.16667;1.25
1647;3;5.08333;7.16667;1.25
1648;3;5.08333;7.16667;1.25
1649;3;5.08333;7.16667;1.25
1650;3;5.08333;7.16667;1.25
1651;3;5.08333;7.16667;1.25
1652;3;5.08333;7.16667;1.25
1653;3;5.08333;7.16667;1.25
1654;3;5.08333;7.16667;1.25
1655;3;5.08333;7.16667;1.25
1656;3;5.08333;7.16667;1.25
1657;3;5.08333;7.16667;1.25
1658;3;5.08333;7.16667;1.25
1659;3;5.08333;7.16667;1.25
1660;3;5.08333;7.16667;1.25
1661;3;5.08333;7.16667;1.25
1662;3;5.08333;7.16667;1.25
1663;3;5.08333;7.16667;1.25
1664;3;5.08333;7.16667;1.25
1665;3;5.08333;7.16667;1.25
1666;3;5.08333;7.16667;1.25
1667;3;5.08333;7.16667;1.25
1668;3;5.08333;7.16667;1.25
1669;3;5.08333;7.16667;1.25
1670;3;5.08333;7.16667;1.25
1671;3;5.08333;7.16667;1.25
1672;3;5.08333;7.16667;1.25
1673;3;5.08333;7.16667;1.25
1674;3;5.08333;7.16667;1.25
1675;3;5.08333;7.16667;1.25
1676;3;5.08333;7.16667;1.25
1677;3;5.08333;7.16667;1.25
1678;3;5.08333;7.16667;1.25
1679;3;5.08333;7.16667;1.25
1680;3;5.08333;7.16667;1.25
1681;3;5.08333;7.16667;1.25
1682;3;5.08333;7.16667;1.25
1683;3;5.08333;7.16667;1.25
1684;3;5.08333;7.16667;1.25
1685;3;5.08333;7.16667;1.25
1686;3;5.08333;7.16667;1.25
1687;3;5.08333;7.16667;1.25
1688;3;5.08333;7.16667;1.25
1689;3;5.08333;7.16667;1.25
1690;3;5.08333;7.16667;1.25
1691;3;5.08333;7.16667;1.25
1692;3;5.08333;7.16667;1.25
1693;3;5.08333;7.16667;1.25
1694;3;5.08333;7.16667;1.25
1695;3;5.08333;7.16667;1.25
1696;3;5.08333;7.16667;1.25
1697;3;5.08333;7.16667;1.25
1698;3;5.08333;7.16667;1.25
1699;3;5.08333;7.16667;1.25
1700;3;5.08333;7.16667;1.25
1701;3;5.08333;7.16667;1.25
1702;3;5.08333;7.16667;1.25
1703;3;5.08333;7.16667;1.25
1704;3;5.08333;7.16667;1.25
1705;3;5.08333;7.16667;1.25
1706;3;5.08333;7.16667;1.25
1707;3;5.08333;7.16667;1.25
1708;3;5.08333;7.16667;1.25
1709;3;5.08333;7.16667;1.25
1710;3;5.08333;7.16667;1.25
1711;3;5.08333;7.16667;1.25
1712;3;5.08333;7.16667;1.25
1713;3;5.08333;7.16667;1.25
1714;3;5.08333;7.16667;1.25
1715;3;5.08333;7.16667;1.25
1716;3;5.08333;7.16667;1.25
1717;3;5.08333;7.16667;1.25
1718;3;5.08333;7.16667;1.25
1719;3;5.08333;7.16667;1.25
1720;3;5.08333;7.16667;1.25
1721;3;5.08333;7.16667;1.25
1722;3;5.08333;7.16667;1.25
1723;3;5.08333;7.16667;1.25
1724;3;5.08333;7.16667;1.25
1725;3;5.08333;7.16667;1.25
1726;3;5.08333;7.16667;1.25
1727;3;5.08333;7.16667;1.25
1728;3;5.08333;7.16667;1.25
1729;3;5.08333;7.16667;1.25
1730;3;5.08333;7.16667;1.25
1731;3;5.08333;7.16667;1.25
1732;3;5.08333;7.16667;1.25
1733;3;5.08333;7.16667;1.25
1734;3;5.08333;7.16667;1.25
1735;3;5.08333;7.16667;1.25
1736;3;5.08333;7.16667;1.25
1737;3;5.08333;7.16667;1.25
1738;3;5.08333;7.16667;1.25
1739;3;5.08333;7.16667;1.25
1740;3;5.08333;7.16667;1.25
1741;3;5.08333;7.16667;1.25
1742;3;5.08333;7.16667;1.25
1743;3;5.08333;7.16667;1.25
1744;3;5.08333;7.16667;1.25
1745;3;5.08333;7.16667;1.25
1746;3;5.08333;7.16667;1.25
1747;3;5.08333;7.16667;1.25
1748;3;5.08333;7.16667;1.25
1749;3;5.08333;7.16667;1.25
1750;3;5.08333;7.16667;1.25
1751;3;5.08333;7.16667;1.25
1752;3;5.08333;7.16667;1.25
1753;3;5.08333;7.16667;1.25
1754;3;5.08333;7.16667;1.25
1755;3;5.08333;7.16667;1.25
1756;3;5.08333;7.16667;1.25
1757;3;5.08333;7.16667;1.25
1758;3;5.08333;7.16667;1.25
1759;3;5.08333;7.16667;1.25
1760;3;5.08333;7.16667;1.25
1761;3;5.08333;7.16667;1.25
1762;3;5.08333;7.16667;1.25
1763;3;5.08333;7.16667;1.25
1764;3;5.08333;7.16667;1.25
1765;3;5.08333;7.16667;1.25
1766;3;5.08333;7.16667;1.25
1767;3;5.08333;7.16667;1.25
1768;3;5.08333;7.16667;1.25
1769;3;5.08333;7.16667;1.25
1770;3;5.08333;7.16667;1.25
1771;3;5.08333;7.16667;1.25
1772;3;5.08333;7.16667;1.25
1773;3;5.08333;7.16667;1.25
1774;3;5.08333;7.16667;1.25
1775;3;5.08333;7.16667;1.25
1776;3;5.08333;7.16667;1.25
1777;3;5.08333;7.16667;1.25
1778;3;5.08333;7.16667;1.25
1779;3;5.08333;7.16667;1.25
1780;3;5.08333;7.16667;1.25
1781;3;5.08333;7.16667;1.25
1782;3;5.08333;7.16667;1.25
1783;3;5.08333;7.16667;1.25
1784;3;5.08333;7.16667;1.25
1785;3;5.08333;7.16667;1.25
1786;3;5.08333;7.16667;1.25
1787;3;5.08333;7.16667;1.25
1788;3;5.08333;7.16667;1.25
1789;3;5.08333;7.16667;1.25
1790;3;5.08333;7.16667;1.25
1791;3;5.08333;7.16667;1.25
1792;3;5.08333;7.16667;1.25
1793;3;5.08333;7.16667;1.25
1794;3;5.08333;7.16667;1.25
1795;3;5.08333;7.16667;1.25
1796;3;5.08333;7.16667;1.25
1797;3;5.08333;7.16667;1.25
1798;3;5.08333;7.16667;1.25
1799;3;5.08333;7.16667;1.25
1800;3;5.08333;7.16667;1.25
1801;3;5.08333;7.16667;1.25
1802;3;5.08333;7.16667;1.25
1803;3;5.08333;7.16667;1.25
1804;3;5.08333;7.16667;1.25
1805;3;5.08333;7.16667;1.25
1806;3;5.08333;7.16667;1.25
1807;3;5.08333;7.16667;1.25
1808;3;5.08333;7.16667;1.25
1809;3;5.08333;7.16667;1.25
1810;3;5.08333;7.16667;1.25
1811;3;5.08333;7.16667;1.25
1812;3;5.08333;7.16667;1.25
1813;3;5.08333;7.16667;1.25
1814;3;5.08333;7.16667;1.25
1815;3;5.08333;7.16667;1.25
1816;3;5.08333;7.16667;1.25
1817;3;5.08333;7.16667;1.25
1818;3;5.08333;7.16667;1.25
1819;3;5.08333;7.16667;1.25
1820;3;5.08333;7.16667;1.25
1821;3;5.08333;7.16667;1.25
1822;3;5.08333;7.16667;1.25
1823;3;5.08333;7.16667;1.25
1824;3;5.08333;7.16667;1.25
1825;3;5.08333;7.16667;1.25
1826;3;5.08333;7.16667;1.25
1827;3;5.08333;7.16667;1.25
1828;3;5.08333;7.16667;1.25
1829;3;5.08333;7.16667;1.25
1830;3;5.08333;7.16667;1.25
1831;3;5.08333;7.16667;1.25
1832;3;5.08333;7.16667;1.25
1833;3;5.08333;7.16667;1.25
1834;3;5.08333;7.16667;1.25
1835;3;5.08333;7.16667;1.25
1836;3;5.08333;7.16667;1.25
1837;3;5.08333;7.16667;1.25
1838;3;5.08333;7.16667;1.25
1839;3;5.08333;7.16667;1.25
1840;3;5.08333;7.16667;1.25
1841;3;5.08333;7.16667;1.25
1842;3;5.08333;7.16667;1.25
1843;3;5.08333;7.16667;1.25
1844;3;5.08333;7.16667;1.25
1845;3;5.08333;7.16667;1.25
1846;3;5.08333;7.16667;1.25
1847;3;5.08333;7.16667;1.25
1848;3;5.08333;7.16667;1.25
1849;3;5.08333;7.16667;1.25
1850;3;5.08333;7.16667;1.25
1851;3;5.08333;7.16667;1.25
1852;3;5.08333;7.16667;1.25
1853;3;5.08333;7.16667;1.25
1854;3;5.08333;7.16667;1.25
1855;3;5.08333;7.16667;1.25
1856;3;5.08333;7.16667;1.25
1857;3;5.08333;7.16667;1.25
1858;3;5.08333;7.16667;1.25
1859;3;5.08333;7.16667;1.25
1860;3;5.08333;7.16667;1.25
1861;3;5.08333;7.16667;1.25
1862;3;5.08333;7.16667;1.25
1863;3;5.08333;7.16667;1.25
1864;3;5.08333;7.16667;1.25
1865;3;5.08333;7.16667;1.25
1866;3;5.08333;7.16667;1.25
1867;3;5.08333;7.16667;1.25
1868;3;5.08333;7.16667;1.25
1869;3;5.08333;7.16667;1.25
1870;3;5.08333;7.16667;1.25
1871;3;5.08333;7.16667;1.25
1872;3;5.08333;7.16667;1.25
1873;3;5.08333;7.16667;1.25
1874;3;5.08333;7.16667;1.25
1875;3;5.08333;7.16667;1.25
1876;3;5.08333;7.16667;1.25
1877;3;5.08333;7.16667;1.25
1878;3;5.08333;7.16667;1.25
1879;3;5.08333;7.16667;1.25
1880;3;5.08333;7.16667;1.25
1881;3;5.08333;7.16667;1.25
1882;3;5.08333;7.16667;1.25
1883;3;5.08333;7.16667;1.25
1884;3;5.08333;7.16667;1.25
1885;3;5.08333;7.16667;1.25
1886;3;5.08333;7.16667;1.25
1887;3;5.08333;7.16667;1.25
1888;3;5.08333;7.16667;1.25
1889;3;5.08333;7.16667;1.25
1890;3;5.08333;7.16667;1.25
1891;3;5.08333;7.16667;1.25
1892;3;5.08333;7.16667;1.25
1893;3;5.08333;7.16667;1.25
1894;3;5.08333;7.16667;1.25
1895;3;5.08333;7.16667;1.25
1896;3;5.08333;7.16667;1.25
1897;3;5.08333;7.16667;1.25
1898;3;5.08333;7.16667;1.25
1899;3;5.08333;7.16667;1.25
1900;3;5.08333;7.16667;1.25
1901;3;5.08333;7.16667;1.25
1902;3;5.08333;7.16667;1.25
1903;3;5.08333;7.16667;1.25
1904;3;5.08333;7.16667;1.25
1905;3;5.08333;7.16667;1.25
1906;3;5.08333;7.16667;1.25
1907;3;5.08333;7.16667;1.25
1908;3;5.08333;7.16667;1.25
1909;3;5.08333;7.16667;1.25
1910;3;5.08333;7.16667;1.25
1911;3;5.08333;7.16667;1.25
1912;3;5.08333;7.16667;1.25
1913;3;5.08333;7.16667;1.25
1914;3;5.08333;7.16667;1.25
1915;3;5.08333;7.16667;1.25
1916;3;5.08333;7.16667;1.25
1917;3;5.08333;7.16667;1.25
1918;3;5.08333;7.16667;1.25
1919;3;5.08333;7.16667;1.25
1920;3;5.08333;7.16667;1.25
1921;3;5.08333;7.16667;1.25
1922;3;5.08333;7.16667;1.25
1923;3;5.08333;7.16667;1.25
1924;3;5.08333;7.16667;1.25
1925;3;5.08333;7.16667;1.25
1926;3;5.08333;7.16667;1.25
1927;3;5.08333;7.16667;1.25
1928;3;5.08333;7.16667;1.25
1929;3;5.08333;7.16667;1.25
1930;3;5.08333;7.16667;1.25
1931;3;5.08333;7.16667;1.25
1932;3;5.08333;7.16667;1.25
1933;3;5.08333;7.16667;1.25
1934;3;5.08333;7.16667;1.25
1935;3;5.08333;7.16667;1.25
1936;3;5.08333;7.16667;1.25
1937;3;5.08333;7.16667;1.25
1938;3;5.08333;7.16667;1.25
1939;3;5.08333;7.16667;1.25
1940;3;5.08333;7.16667;1.25
1941;3;5.08333;7.16667;1.25
1942;3;5.08333;7.16667;1.25
1943;3;5.08333;7.16667;1.25
1944;3;5.08333;7.16667;1.25
1945;3;5.08333;7.16667;1.25
1946;3;5.08333;7.16667;1.25
1947;3;5.08333;7.16667;1.25
1948;3;5.08333;7.16667;1.25
1949;3;5.08333;7.16667;1.25
1950;3;5.08333;7.16667;1.25
1951;3;5.08333;7.16667;1.25
1952;3;5.08333;7.16667;1.25
1953;3;5.08333;7.16667;1.25
1954;3;5.08333;7.16667;1.25
1955;3;5.08333;7.16667;1.25
1956;3;5.08333;7.16667;1.25
1957;3;5.08333;7.16667;1.25
1958;3;5.08333;7.16667;1.25
1959;3;5.08333;7.16667;1.25
1960;3;5.08333;7.16667;1.25
1961;3;5.08333;7.16667;1.25
1962;3;5.08333;7.16667;1.25
1963;3;5.08333;7.16667;1.25
1964;3;5.08333;7.16667;1.25
1965;3;5.08333;7.16667;1.25
1966;3;5.08333;7.16667;1.25
1967;3;5.08333;7.16667;1.25
1968;3;5.08333;7.16667;1.25
1969;3;5.08333;7.16667;1.25
1970;3;5.08333;7.16667;1.25
1971;3;5.08333;7.16667;1.25
1972;3;5.08333;7.16667;1.25
1973;3;5.08333;7.16667;1.25
1974;3;5.08333;7.16667;1.25
1975;3;5.08333;7.16667;1.25
1976;3;5.08333;7.16667;1.25
1977;3;5.08333;7.16667;1.25
1978;3;5.08333;7.16667;1.25
1979;3;5.08333;7.16667;1.25
1980;3;5.08333;7.16667;1.25
1981;3;5.08333;7.16667;1.25
1982;3;5.08333;7.16667;1.25
1983;3;5.08333;7.16667;1.25
1984;3;5.08333;7.16667;1.25
1985;3;5.08333;7.16667;1.25
1986;3;5.08333;6.16667;1.25
1987;3;5.08333;7.16667;1.25
1988;3;5.08333;6.16667;1.25
1989;3;5.08333;7.16667;1.25
1990;3;5.08333;6.16667;1.25
1991;3;5.08333;7.16667;1.25
1992;3;5.08333;6.16667;1.25
1993;3;5.08333;7.16667;1.25
1994;3;5.08333;6.16667;1.25
1995;3;5.08333;7.16667;1.25
1996;3;5.08333;6.16667;1.25
1997;3;5.08333;7.16667;1.25
1998;3;5.08333;6.16667;1.25
1999;3;5.08333;7.16667;1.25
2000;3;5.08333;6.16667;1.25
2001;3;5.08333;7.16667;1.25
2002;3;5.08333;6.16667;1.25
2003;3;5.08333;7.16667;1.25
2004;3;5.08333;6.16667;1.25
2005;3;5.08333;7.16667;1.25
2006;3;5.08333;6.16667;1.25
2007;3;6.08333;7.16667;1.25
2008;3;6.08333;6.16667;1.25
2009;3;6.08333;7.16667;1.25
2010;3;6.08333;6.16667;1.25
2011;3;6.08333;7.16667;1.25
2012;3;6.08333;6.16667;1.25
2013;3;6.08333;7.16667;1.25
2014;3;6.08333;6.16667;1.25
2015;3;6.08333;7.16667;1.25
2016;3;6.08333;6.16667;1.25
2017;3;6.08333;7.16667;1.25
2018;3;6.08333;6.16667;1.25
2019;3;6.08333;7.16667;1.25
2020;3;6.08333;6.16667;1.25
2021;3;6.08333;7.16667;1.25
2022;3;6.08333;6.16667;1.25
2023;3;6.08333;7.16667;1.25
2024;3;6.08333;6.16667;1.25
2025;3;6.08333;7.16667;1.25
2026;3;6.08333;6.16667;1.25
2027;3;6.08333;7.16667;1.25
2028;3;6.08333;6.16667;1.25
2029;3;6.08333;7.16667;1.25
2030;3;6.08333;6.16667;1.25
2031;3;6.08333;7.16667;1.25
2032;3;6.08333;6.16667;1.25
2033;3;6.08333;7.16667;1.25
2034;3;6.08333;6.16667;1.25
2035;3;6.08333;7.16667;1.25
2036;3;6.08333;6.16667;1.25
2037;3;6.08333;7.16667;1.25
2038;3;6.08333;6.16667;1.25
2039;3;6.08333;7.16667;1.25
2040;3;6.08333;6.16667;1.25
2041;3;6.08333;7.16667;1.25
2042;3;6.08333;6.16667;1.25
2043;3;6.08333;7.16667;1.25
2044;3;6.08333;6.16667;1.25
2045;3;6.08333;7.16667;1.25
2046;3;6.08333;6.16667;1.25
2047;3;6.08333;7.16667;1.25
2048;3;6.08333;6.16667;1.25
2049;3;6.08333;7.16667;1.25
2050;3;6.08333;6.16667;1.25
2051;3;6.08333;7.16667;1.25
2052;3;6.08333;6.16667;1.25
2053;3;6.08333;7.16667;1.25
2054;3;6.08333;6.16667;1.25
2055;3;6.08333;7.16667;1.25
2056;3;6.08333;7.16667;1.25
2057;3;6.08333;6.16667;1.25
2058;3;6.08333;7.16667;1.25
2059;3;6.08333;6.16667;1.25
2060;3;6.08333;7.16667;1.25
2061;3;6.08333;6.16667;1.25
2062;3;6.08333;7.16667;1.25
2063;3;6.08333;6.16667;1.25
2064;3;6.08333;7.16667;1.25
2065;3;6.08333;6.16667;1.25
2066;3;6.08333;7.16667;1.25
2067;3;6.08333;6.16667;1.25
2068;3;6.08333;7.16667;1.25
2069;3;6.08333;6.16667;1.25
2070;3;6.08333;7.16667;1.25
2071;3;6.08333;6.16667;1.25
2072;3;6.08333;7.16667;1.25
2073;3;6.08333;6.16667;1.25
2074;3;6.08333;7.16667;1.25
2075;3;6.08333;6.16667;1.25
2076;3;6.08333;7.16667;1.25
2077;3;6.08333;6.16667;1.25
2078;3;6.08333;7.16667;1.25
2079;3;6.08333;6.16667;1.25
2080;3;6.08333;7.16667;1.25
2081;3;6.08333;6.16667;1.25
2082;3;6.08333;7.16667;1.25
2083;3;6.08333;6.16667;1.25
2084;3;6.08333;7.16667;1.25
2085;3;6.08333;6.16667;1.25
2086;3;6.08333;7.16667;1.25
2087;3;6.08333;6.16667;1.25
2088;3;6.08333;7.16667;1.25
2089;3;6.08333;6.16667;1.25
2090;3;6.08333;7.16667;1.25
2091;3;6.08333;6.16667;1.25
2092;3;6.08333;7.16667;1.25
2093;3;6.08333;6.16667;1.25
2094;3;6.08333;7.16667;1.25
2095;3;6.08333;6.16667;1.25
2096;3;6.08333;7.16667;1.25
2097;3;6.08333;6.16667;1.25
2098;3;6.08333;7.16667;1.25
2099;3;6.08333;6.16667;1.25
2100;3;6.08333;7.16667;1.25
2101;3;6.08333;6.16667;1.25
2102;3;6.08333;7.16667;1.25
2103;3;6.08333;6.16667;1.25
2104;3;6.08333;7.16667;1.25
2105;3;6.08333;6.16667;1.25
2106;3;6.08333;7.16667;1.25
2107;3;6.08333;6.16667;1.25
2108;3;6.08333;7.16667;1.25
2109;3;6.08333;6.16667;1.25
2110;3;6.08333;7.16667;1.25
2111;3;6.08333;6.16667;1.25
2112;3;6.08333;7.16667;1.25
2113;3;6.08333;6.16667;1.25
2114;3;6.08333;7.16667;1.25
2115;3;6.08333;6.16667;1.25
2116;3;6.08333;7.16667;1.25
2117;3;6.08333;6.16667;1.25
2118;3;6.08333;7.16667;1.25
2119;3;6.08333;6.16667;1.25
2120;3;6.08333;7.16667;1.25
2121;3;6.08333;6.16667;1.25
2122;3;6.08333;7.16667;1.25
2123;3;6.08333;7.16667;1.25
2124;3;6.08333;6.16667;1.25
2125;3;6.08333;7.16667;1.25
2126;3;6.08333;6.16667;1.25
2127;3;6.08333;7.16667;1.25
2128;3;6.08333;6.16667;1.25
2129;3;6.08333;7.16667;1.25
2130;3;6.08333;6.16667;1.25
2131;3;6.08333;7.16667;1.25
2132;3;6.08333;6.16667;1.25
2133;3;6.08333;7.16667;1.25
2134;3;6.08333;6.16667;1.25
2135;3;6.08333;7.16667;1.25
2136;3;6.08333;6.16667;1.25
2137;3;6.08333;7.16667;1.25
2138;3;6.08333;6.16667;1.25
2139;3;6.08333;7.16667;1.25
2140;3;6.08333;6.16667;1.25
2141;3;6.08333;7.16667;1.25
2142;3;6.08333;6.16667;1.25
2143;3;6.08333;7.16667;1.25
2144;3;6.08333;6.16667;1.25
2145;3;6.08333;7.16667;1.25
2146;3;6.08333;7.16667;1.25
2147;3;6.08333;6.16667;1.25
2148;3;6.08333;7.16667;1.25
2149;3;6.08333;6.16667;1.25
2150;3;6.08333;7.16667;1.25
2151;3;6.08333;6.16667;1.25
2152;3;6.08333;7.16667;1.25
2153;3;6.08333;6.16667;1.25
2154;3;6.08333;7.16667;1.25
2155;3;6.08333;6.16667;1.25
2156;3;6.08333;7.16667;1.25
2157;3;6.08333;6.16667;1.25
2158;3;6.08333;7.16667;1.25
2159;3;6.08333;6.16667;1.25
2160;3;6.08333;7.16667;1.25
2161;3;6.08333;6.16667;1.25
2162;3;6.08333;7.16667;1.25
2163;3;6.08333;6.16667;1.25
2164;3;6.08333;7.16667;1.25
2165;3;6.08333;6.16667;1.25
2166;3;6.08333;7.16667;1.25
2167;3;6.08333;6.16667;1.25
2168;3;6.08333;7.16667;1.25
2169;3;6.08333;6.16667;1.25
2170;3;6.08333;7.16667;1.25
2171;3;6.08333;6.16667;1.25
2172;3;6.08333;7.16667;1.25
2173;3;6.08333;7.16667;1.25
2174;3;6.08333;6.16667;1.25
2175;3;6.08333;7.16667;1.25
2176;3;6.08333;6.16667;1.25
2177;3;6.08333;7.16667;1.25
2178;3;6.08333;6.16667;1.25
2179;3;6.08333;7.16667;1.25
2180;3;6.08333;6.16667;1.25
2181;3;6.08333;7.16667;1.25
2182;3;6.08333;6.16667;1.25
2183;3;6.08333;7.16667;1.25
2184;3;6.08333;6.16667;1.25
2185;3;6.08333;7.16667;1.25
2186;3;6.08333;6.16667;1.25
2187;3;6.08333;7.16667;1.25
2188;3;6.08333;6.16667;1.25
2189;3;6.08333;7.16667;1.25
2190;3;6.08333;6.16667;1.25
2191;3;6.08333;7.16667;1.25
2192;3;6.08333;6.16667;1.25
2193;3;6.08333;7.16667;1.25
2194;3;6.08333;6.16667;1.25
2195;3;6.08333;7.16667;1.25
2196;3;6.08333;7.16667;1.25
2197;3;6.08333;6.16667;1.25
2198;3;6.08333;7.16667;1.25
2199;3;6.08333;6.16667;1.25
2200;3;6.08333;7.16667;1.25
2201;3;6.08333;6.16667;1.25
2202;3;6.08333;7.16667;1.25
2203;3;6.08333;6.16667;1.25
2204;3;6.08333;7.16667;1.25
2205;3;6.08333;6.16667;1.25
2206;3;6.08333;7.16667;1.25
2207;3;6.08333;6.16667;1.25
2208;3;6.08333;7.16667;1.25
2209;3;6.08333;6.16667;1.25
2210;3;6.08333;7.16667;1.25
2211;3;6.08333;6.16667;1.25
2212;3;6.08333;7.16667;1.25
2213;3;6.08333;6.16667;1.25
2214;3;6.08333;7.16667;1.25
2215;3;6.08333;6.16667;1.25
2216;3;6.08333;7.16667;1.25
2217;3;6.08333;6.16667;1.25
2218;3;6.08333;7.16667;1.25
2219;3;6.08333;7.16667;1.25
2220;3;6.08333;6.16667;1.25
2221;3;6.08333;7.16667;1.25
2222;3;6.08333;6.16667;1.25
2223;3;6.08333;7.16667;1.25
2224;3;6.08333;6.16667;1.25
2225;3;6.08333;7.16667;1.25
2226;3;6.08333;6.16667;1.25
2227;3;6.08333;7.16667;1.25
2228;3;6.08333;6.16667;1.25
2229;3;6.08333;7.16667;1.25
2230;3;6.08333;6.16667;1.25
2231;3;6.08333;7.16667;1.25
2232;3;6.08333;6.16667;1.25
2233;3;6.08333;7.16667;1.25
2234;3;6.08333;6.16667;1.25
2235;3;6.08333;7.16667;1.25
2236;3;6.08333;6.16667;1.25
2237;3;6.08333;7.16667;1.25
2238;3;6.08333;6.16667;1.25
2239;3;6.08333;7.16667;1.25
2240;3;6.08333;6.16667;1.25
2241;3;6.08333;7.16667;1.25
2242;3;6.08333;6.16667;1.25
2243;3;6.08333;7.16667;1.25
2244;3;6.08333;7.16667;1.25
2245;3;6.08333;6.16667;1.25
2246;3;6.08333;7.16667;1.25
2247;3;6.08333;6.16667;1.25
2248;3;6.08333;7.16667;1.25
2249;3;6.08333;6.16667;1.25
2250;3;6.08333;7.16667;1.25
2251;3;6.08333;6.16667;1.25
2252;3;6.08333;7.16667;1.25
2253;3;6.08333;6.16667;1.25
2254;3;6.08333;7.16667;1.25
2255;3;6.08333;6.16667;1.25
2256;3;6.08333;7.16667;1.25
2257;3;6.08333;6.16667;1.25
2258;3;6.08333;7.16667;1.25
2259;3;6.08333;6.16667;1.25
2260;3;6.08333;7.16667;1.25
2261;3;6.08333;6.16667;1.25
2262;3;6.08333;7.16667;1.25
2263;3;6.08333;6.16667;1.25
2264;3;6.08333;7.16667;1.25
2265;3;6.08333;6.16667;1.25
2266;3;6.08333;7.16667;1.25
2267;3;6.08333;6.16667;1.25
2268;3;6.08333;7.16667;1.25
2269;3;6.08333;6.16667;1.25
2270;3;6.08333;7.16667;1.25
2271;3;6.08333;6.16667;1.25
2272;3;6.08333;7.16667;1.25
2273;3;6.08333;6.16667;1.25
2274;3;6.08333;7.16667;1.25
2275;3;6.08333;6.16667;1.25
2276;3;6.08333;7.16667;1.25
2277;3;6.08333;6.16667;1.25
2278;3;6.08333;7.16667;1.25
2279;3;6.08333;7.16667;1.25
2280;3;6.08333;6.16667;1.25
2281;3;6.08333;7.16667;1.25
2282;3;6.08333;6.16667;1.25
2283;3;6.08333;7.16667;1.25
2284;3;6.08333;6.16667;1.25
2285;3;6.08333;7.16667;1.25
2286;3;6.08333;6.16667;1.25
2287;3;6.08333;7.16667;1.25
2288;3;6.08333;6.16667;1.25
2289;3;6.08333;7.16667;1.25
2290;3;6.08333;6.16667;1.25
2291;3;6.08333;7.16667;1.25
2292;3;6.08333;6.16667;1.25
2293;3;6.08333;7.16667;1.25
2294;3;6.08333;6.16667;1.25
2295;3;6.08333;7.16667;1.25
2296;3;6.08333;6.16667;1.25
2297;3;6.08333;7.16667;1.25
2298;3;6.08333;6.16667;1.25
2299;3;6.08333;7.16667;1.25
2300;3;6.08333;6.16667;1.25
2301;3;6.08333;7.16667;1.25
2302;3;6.08333;6.16667;1.25
2303;3;6.08333;7.16667;1.25
2304;3;6.08333;6.16667;1.25
2305;3;6.08333;7.16667;1.25
2306;3;6.08333;6.16667;1.25
2307;3;6.08333;7.16667;1.25
2308;3;6.08333;6.16667;1.25
2309;3;6.08333;7.16667;1.25
2310;3;6.08333;6.16667;1.25
2311;3;6.08333;7.16667;1.25
2312;3;6.08333;6.16667;1.25
2313;3;6.08333;7.16667;1.25
2314;3;6.08333;6.16667;1.25
2315;3;6.08333;7.16667;1.25
2316;3;6.08333;6.16667;1.25
2317;3;6.08333;7.16667;1.25
2318;3;6.08333;6.16667;1.25
2319;3;6.08333;7.16667;1.25
2320;3;6.08333;6.16667;1.25
2321;3;6.08333;7.16667;1.25
2322;3;6.08333;6.16667;1.25
2323;3;6.08333;7.16667;1.25
2324;3;6.08333;7.16667;1.25
2325;3;6.08333;6.16667;1.25
2326;3;6.08333;7.16667;1.25
2327;3;6.08333;6.16667;1.25
2328;3;6.08333;7.16667;1.25
2329;3;6.08333;6.16667;1.25
2330;3;6.08333;7.16667;1.25
2331;3;6.08333;6.16667;1.25
2332;3;6.08333;7.16667;1.25
2333;3;6.08333;6.16667;1.25
2334;3;6.08333;7.16667;1.25
2335;3;6.08333;6.16667;1.25
2336;3;6.08333;7.16667;1.25
2337;3;6.08333;6.16667;1.25
2338;3;6.08333;7.16667;1.25
2339;3;6.08333;6.16667;1.25
2340;3;6.08333;7.16667;1.25
2341;3;6.08333;6.16667;1.25
2342;3;6.08333;7.16667;1.25
2343;3;6.08333;6.16667;1.25
2344;3;6.08333;7.16667;1.25
2345;3;6.08333;6.16667;1.25
2346;3;6.08333;7.16667;1.25
2347;3;6.08333;6.16667;1.25
2348;3;6.08333;7.16667;1.25
2349;3;6.08333;6.16667;1.25
2350;3;6.08333;7.16667;1.25
2351;3;6.08333;6.16667;1.25
2352;3;6.08333;7.16667;1.25
2353;3;6.08333;6.16667;1.25
2354;3;6.08333;7.16667;1.25
2355;3;6.08333;6.16667;1.25
2356;3;6.08333;7.16667;1.25
2357;3;6.08333;6.16667;1.25
2358;3;6.08333;7.16667;1.25
2359;3;6.08333;6.16667;1.25
2360;3;6.08333;7.16667;1.25
2361;3;6.08333;6.16667;1.25
2362;3;6.08333;7.16667;1.25
2363;3;6.08333;6.16667;1.25
2364;3;6.08333;7.16667;1.25
2365;3;6.08333;6.16667;1.25
2366;3;6.08333;7.16667;1.25
2367;3;6.08333;6.16667;1.25
2368;3;6.08333;7.16667;1.25
2369;3;6.08333;6.16667;1.25
2370;3;6.08333;7.16667;1.25
2371;3;6.08333;6.16667;1.25
2372;3;6.08333;7.16667;1.25
2373;3;6.08333;6.16667;1.25
2374;3;6.08333;7.16667;1.25
2375;3;6.08333;6.16667;1.25
2376;3;6.08333;7.16667;1.25
2377;3;6.08333;6.16667;1.25
2378;3;6.08333;7.16667;1.25
2379;3;6.08333;6.16667;1.25
2380;3;6.08333;7.16667;1.25
2381;3;6.08333;6.16667;1.25
2382;3;6.08333;7.16667;1.25
2383;3;6.08333;6.16667;1.25
2384;3;6.08333;7.16667;1.25
2385;3;6.08333;6.16667;1.25
2386;3;6.08333;7.16667;1.25
2387;3;6.08333;6.16667;1.25
2388;3;6.08333;7.16667;1.25
2389;3;6.08333;6.16667;1.25
2390;3;6.08333;7.16667;1.25
2391;3;6.08333;7.16667;1.25
2392;3;6.08333;6.16667;1.25
2393;3;6.08333;7.16667;1.25
2394;3;6.08333;6.16667;1.25
2395;3;6.08333;7.16667;1.25
2396;3;6.08333;6.16667;1.25
2397;3;6.08333;7.16667;1.25
2398;3;6.08333;6.16667;1.25
2399;3;6.08333;7.16667;1.25
2400;3;6.08333;6.16667;1.25
2401;3;6.08333;7.16667;1.25
2402;3;6.08333;6.16667;1.25
2403;3;6.08333;7.16667;1.25
2404;3;6.08333;6.16667;1.25
2405;3;6.08333;7.16667;1.25
2406;3;6.08333;6.16667;1.25
2407;3;6.08333;7.16667;1.25
2408;3;6.08333;6.16667;1.25
2409;3;6.08333;7.16667;1.25
2410;3;6.08333;6.16667;1.25
2411;3;6.08333;7.16667;1.25
2412;3;6.08333;6.16667;1.25
2413;3;6.08333;7.16667;1.25
2414;3;6.08333;6.16667;1.25
2415;3;6.08333;7.16667;1.25
2416;3;6.08333;6.16667;1.25
2417;3;6.08333;7.16667;1.25
2418;3;6.08333;6.16667;1.25
2419;3;6.08333;7.16667;1.25
2420;3;6.08333;6.16667;1.25
2421;3;6.08333;7.16667;1.25
2422;3;6.08333;6.16667;1.25
2423;3;6.08333;7.16667;1.25
2424;3;6.08333;6.16667;1.25
2425;3;6.08333;7.16667;1.25
2426;3;6.08333;6.16667;1.25
2427;3;6.08333;7.16667;1.25
2428;3;6.08333;6.16667;1.25
2429;3;6.08333;7.16667;1.25
2430;3;6.08333;6.16667;1.25
2431;3;6.08333;7.16667;1.25
2432;3;6.08333;6.16667;1.25
2433;3;6.08333;7.16667;1.25
2434;3;6.08333;6.16667;1.25
2435;3;6.08333;7.16667;1.25
2436;3;6.08333;6.16667;1.25
2437;3;6.08333;7.16667;1.25
2438;3;6.08333;6.16667;1.25
2439;3;6.08333;7.16667;1.25
2440;3;6.08333;7.16667;1.25
2441;3;6.08333;7.16667;1.25
2442;3;6.08333;6.16667;1.25
2443;3;6.08333;7.16667;1.25
2444;3;6.08333;7.16667;1.25
2445;3;6.08333;7.16667;1.25
2446;3;6.08333;6.16667;1.25
2447;3;6.08333;7.16667;1.25
2448;3;6.08333;7.16667;1.25
2449;3;6.08333;6.16667;1.25
2450;3;6.08333;7.16667;1.25
2451;3;6.08333;7.16667;1.25
2452;3;6.08333;7.16667;1.25
2453;3;6.08333;6.16667;1.25
2454;3;6.08333;7.16667;1.25
2455;3;6.08333;7.16667;1.25
2456;3;6.08333;7.16667;1.25
2457;3;6.08333;6.16667;1.25
2458;3;6.08333;7.16667;1.25
2459;3;6.08333;7.16667;1.25
2460;3;6.08333;7.16667;1.25
2461;3;6.08333;6.16667;1.25
2462;3;6.08333;7.16667;1.25
2463;3;6.08333;7.16667;1.25
2464;3;6.08333;7.16667;1.25
2465;3;6.08333;6.16667;1.25
2466;3;6.08333;7.16667;1.25
2467;3;6.08333;7.16667;1.25
2468;3;6.08333;6.16667;1.25
2469;3;6.08333;7.16667;1.25
2470;3;6.08333;7.16667;1.25
2471;3;6.08333;7.16667;1.25
2472;3;6.08333;6.16667;1.25
2473;3;6.08333;7.16667;1.25
2474;3;6.08333;7.16667;1.25
2475;3;6.08333;6.16667;1.25
2476;3;6.08333;7.16667;1.25
2477;3;6.08333;7.16667;1.25
2478;3;6.08333;7.16667;1.25
2479;3;6.08333;6.16667;1.25
2480;3;6.08333;7.16667;1.25
2481;3;6.08333;7.16667;1.25
2482;3;6.08333;6.16667;1.25
2483;3;6.08333;7.16667;1.25
2484;3;6.08333;7.16667;1.25
2485;3;6.08333;7.16667;1.25
2486;3;6.08333;6.16667;1.25
2487;3;6.08333;7.16667;1.25
2488;3;6.08333;7.16667;1.25
2489;3;6.08333;6.16667;1.25
2490;3;6.08333;7.16667;1.25
2491;3;6.08333;7.16667;1.25
2492;3;6.08333;6.16667;1.25
2493;3;6.08333;7.16667;1.25
2494;3;6.08333;7.16667;1.25
2495;3;6.08333;7.16667;1.25
2496;3;6.08333;6.16667;1.25
2497;3;6.08333;7.16667;1.25
2498;3;6.08333;7.16667;1.25
2499;3;6.08333;6.16667;1.25
2500;3;6.08333;7.16667;1.25
2501;3;6.08333;7.16667;1.25
2502;3;6.08333;6.16667;1.25
2503;3;6.08333;7.16667;1.25
2504;3;6.08333;7.16667;1.25
2505;3;6.08333;6.16667;1.25
2506;3;6.08333;7.16667;1.25
2507;3;6.08333;7.16667;1.25
2508;3;6.08333;7.16667;1.25
2509;3;6.08333;6.16667;1.25
2510;3;6.08333;7.16667;1.25
2511;3;6.08333;7.16667;1.25
2512;3;6.08333;6.16667;1.25
2513;3;6.08333;7.16667;1.25
2514;3;6.08333;7.16667;1.25
2515;3;6.08333;6.16667;1.25
2516;3;6.08333;7.16667;1.25
2517;3;6.08333;7.16667;1.25
2518;3;6.08333;6.16667;1.25
2519;3;6.08333;7.16667;1.25
2520;3;6.08333;7.16667;1.25
2521;3;6.08333;6.16667;1.25
2522;3;6.08333;7.16667;1.25
2523;3;6.08333;7.16667;1.25
2524;3;6.08333;6.16667;1.25
2525;3;6.08333;7.16667;1.25
2526;3;6.08333;7.16667;1.25
2527;3;6.08333;6.16667;1.25
2528;3;6.08333;7.16667;1.25
2529;3;6.08333;7.16667;1.25
2530;3;6.08333;6.16667;1.25
2531;3;6.08333;7.16667;1.25
2532;3;6.08333;7.16667;1.25
2533;3;6.08333;6.16667;1.25
2534;3;6.08333;7.16667;1.25
2535;3;6.08333;7.16667;1.25
2536;3;6.08333;6.16667;1.25
2537;3;6.08333;7.16667;1.25
2538;3;6.08333;7.16667;1.25
2539;3;6.08333;6.16667;1.25
2540;3;6.08333;7.16667;1.25
2541;3;6.08333;7.16667;1.25
2542;3;6.08333;6.16667;1.25
2543;3;6.08333;7.16667;1.25
2544;3;6.08333;7.16667;1.25
2545;3;6.08333;6.16667;1.25
2546;3;6.08333;7.16667;1.25
2547;3;6.08333;7.16667;1.25
2548;3;6.08333;6.16667;1.25
2549;3;6.08333;7.16667;1.25
2550;3;6.08333;7.16667;1.25
2551;3;6.08333;6.16667;1.25
2552;3;6.08333;7.16667;1.25
2553;3;6.08333;7.16667;1.25
2554;3;6.08333;6.16667;1.25
2555;3;6.08333;7.16667;1.25
2556;3;6.08333;6.16667;1.25
2557;3;6.08333;7.16667;1.25
2558;3;6.08333;7.16667;1.25
2559;3;6.08333;6.16667;1.25
2560;3;6.08333;7.16667;1.25
2561;3;6.08333;7.16667;1.25
2562;3;6.08333;6.16667;1.25
2563;3;6.08333;7.16667;1.25
2564;3;6.08333;7.16667;1.25
2565;3;6.08333;6.16667;1.25
2566;3;6.08333;7.16667;1.25
2567;3;6.08333;7.16667;1.25
2568;3;6.08333;6.16667;1.25
2569;3;6.08333;7.16667;1.25
2570;3;6.08333;7.16667;1.25
2571;3;6.08333;6.16667;1.25
2572;3;6.08333;7.16667;1.25
2573;3;6.08333;6.16667;1.25
2574;3;6.08333;7.16667;1.25
2575;3;6.08333;7.16667;1.25
2576;3;6.08333;6.16667;1.25
2577;3;6.08333;7.16667;1.25
2578;3;6.08333;7.16667;1.25
2579;3;6.08333;6.16667;1.25
2580;3;6.08333;7.16667;1.25
2581;3;6.08333;7.16667;1.25
2582;3;6.08333;6.16667;1.25
2583;3;6.08333;7.16667;1.25
2584;3;6.08333;6.16667;1.25
2585;3;6.08333;7.16667;1.25
2586;3;6.08333;7.16667;1.25
2587;3;6.08333;6.16667;1.25
2588;3;6.08333;7.16667;1.25
2589;3;6.08333;7.16667;1.25
2590;3;6.08333;6.16667;1.25
2591;3;6.08333;7.16667;1.25
2592;3;6.08333;6.16667;1.25
2593;3;6.08333;7.16667;1.25
2594;3;6.08333;7.16667;1.25
2595;3;6.08333;6.16667;1.25
2596;3;6.08333;7.16667;1.25
2597;3;6.08333;7.16667;1.25
2598;3;6.08333;6.16667;1.25
2599;3;6.08333;7.16667;1.25
2600;3;6.08333;6.16667;1.25
2601;3;6.08333;7.16667;1.25
2602;3;6.08333;7.16667;1.25
2603;3;6.08333;6.16667;1.25
2604;3;6.08333;7.16667;1.25
2605;3;6.08333;7.16667;1.25
2606;3;6.08333;6.16667;1.25
2607;3;6.08333;7.16667;1.25
2608;3;6.08333;6.16667;1.25
2609;3;6.08333;7.16667;1.25
2610;3;6.08333;7.16667;1.25
2611;3;6.08333;6.16667;1.25
2612;3;6.08333;7.16667;1.25
2613;3;6.08333;6.16667;1.25
2614;3;6.08333;7.16667;1.25
2615;3;6.08333;7.16667;1.25
2616;3;6.08333;6.16667;1.25
2617;3;6.08333;7.16667;1.25
2618;3;6.08333;7.16667;1.25
2619;3;6.08333;6.16667;1.25
2620;3;6.08333;7.16667;1.25
2621;3;6.08333;6.16667;1.25
2622;3;6.08333;7.16667;1.25
2623;3;6.08333;7.16667;1.25
2624;3;6.08333;6.16667;1.25
2625;3;6.08333;7.16667;1.25
2626;3;6.08333;6.16667;1.25
2627;3;6.08333;7.16667;1.25
2628;3;6.08333;7.16667;1.25
2629;3;6.08333;6.16667;1.25
2630;3;6.08333;7.16667;1.25
2631;3;6.08333;6.16667;1.25
2632;3;6.08333;7.16667;1.25
2633;3;6.08333;7.16667;1.25
2634;3;6.08333;6.16667;1.25
2635;3;6.08333;7.16667;1.25
2636;3;6.08333;6.16667;1.25
2637;3;6.08333;7.16667;1.25
2638;3;6.08333;7.16667;1.25
2639;3;6.08333;6.16667;1.25
2640;3;6.08333;7.16667;1.25
2641;3;6.08333;6.16667;1.25
2642;3;6.08333;7.16667;1.25
2643;3;6.08333;7.16667;1.25
2644;3;6.08333;6.16667;1.25
2645;3;6.08333;7.16667;1.25
2646;3;6.08333;6.16667;1.25
2647;3;6.08333;7.16667;1.25
2648;3;6.08333;7.16667;1.25
2649;3;6.08333;6.16667;1.25
2650;3;6.08333;7.16667;1.25
2651;3;6.08333;6.16667;1.25
2652;3;6.08333;7.16667;1.25
2653;3;6.08333;7.16667;1.25
2654;3;6.08333;6.16667;1.25
2655;3;6.08333;7.16667;1.25
2656;3;6.08333;6.16667;1.25
2657;3;6.08333;7.16667;1.25
2658;3;6.08333;7.16667;1.25
2659;3;6.08333;6.16667;1.25
2660;3;6.08333;7.16667;1.25
2661;3;6.08333;6.16667;1.25
2662;3;6.08333;7.16667;1.25
2663;3;6.08333;7.16667;1.25
2664;3;6.08333;6.16667;1.25
2665;3;6.08333;7.16667;1.25
2666;3;6.08333;6.16667;1.25
2667;3;6.08333;7.16667;1.25
2668;3;6.08333;7.16667;1.25
2669;3;6.08333;6.16667;1.25
2670;3;6.08333;7.16667;1.25
2671;3;6.08333;6.16667;1.25
2672;3;6.08333;7.16667;1.25
2673;3;6.08333;7.16667;1.25
2674;3;6.08333;6.16667;1.25
2675;3;6.08333;7.16667;1.25
2676;3;6.08333;6.16667;1.25
2677;3;6.08333;7.16667;1.25
2678;3;6.08333;6.16667;1.25
2679;3;6.08333;7.16667;1.25
2680;3;6.08333;7.16667;1.25
2681;3;6.08333;6.16667;1.25
2682;3;6.08333;7.16667;1.25
2683;3;6.08333;6.16667;1.25
2684;3;6.08333;7.16667;1.25
2685;3;6.08333;7.16667;1.25
2686;3;6.08333;6.16667;1.25
2687;3;6.08333;7.16667;1.25
2688;3;6.08333;6.16667;1.25
2689;3;6.08333;7.16667;1.25
2690;3;6.08333;6.16667;1.25
2691;3;6.08333;7.16667;1.25
2692;3;6.08333;7.16667;1.25
2693;3;6.08333;6.16667;1.25
2694;3;6.08333;7.16667;1.25
2695;3;6.08333;6.16667;1.25
2696;3;6.08333;7.16667;1.25
2697;3;6.08333;7.16667;1.25
2698;3;6.08333;6.16667;1.25
2699;3;6.08333;7.16667;1.25
2700;3;6.08333;6.16667;1.25
2701;3;6.08333;7.16667;1.25
2702;3;6.08333;6.16667;1.25
2703;3;6.08333;7.16667;1.25
2704;3;6.08333;7.16667;1.25
2705;3;6.08333;6.16667;1.25
2706;3;6.08333;7.16667;1.25
2707;3;6.08333;6.16667;1.25
2708;3;6.08333;7.16667;1.25
2709;3;6.08333;6.16667;1.25
2710;3;6.08333;7.16667;1.25
2711;3;6.08333;7.16667;1.25
2712;3;6.08333;6.16667;1.25
2713;3;6.08333;7.16667;1.25
2714;3;6.08333;6.16667;1.25
2715;3;6.08333;7.16667;1.25
2716;3;6.08333;6.16667;1.25
2717;3;6.08333;7.16667;1.25
2718;3;6.08333;7.16667;1.25
2719;3;6.08333;6.16667;1.25
2720;3;6.08333;7.16667;1.25
2721;3;6.08333;6.16667;1.25
2722;3;6.08333;7.16667;1.25
2723;3;6.08333;6.16667;1.25
2724;3;6.08333;7.16667;1.25
2725;3;6.08333;7.16667;1.25
2726;3;6.08333;6.16667;1.25
2727;3;6.08333;7.16667;1.25
2728;3;6.08333;6.16667;1.25
2729;3;6.08333;7.16667;1.25
2730;3;6.08333;6.16667;1.25
2731;3;6.08333;7.16667;1.25
2732;3;6.08333;7.16667;1.25
2733;3;6.08333;6.16667;1.25
2734;3;6.08333;7.16667;1.25
2735;3;6.08333;6.16667;1.25
2736;3;6.08333;7.16667;1.25
2737;3;6.08333;6.16667;1.25
2738;3;6.08333;7.16667;1.25
2739;3;6.08333;7.16667;1.25
2740;3;6.08333;6.16667;1.25
2741;3;6.08333;7.16667;1.25
2742;3;6.08333;6.16667;1.25
2743;3;6.08333;7.16667;1.25
2744;3;6.08333;6.16667;1.25
2745;3;6.08333;7.16667;1.25
2746;3;6.08333;6.16667;1.25
2747;3;6.08333;7.16667;1.25
2748;3;6.08333;7.16667;1.25
2749;3;6.08333;6.16667;1.25
2750;3;6.08333;7.16667;1.25
2751;3;6.08333;6.16667;1.25
2752;3;6.08333;7.16667;1.25
2753;3;6.08333;6.16667;1.25
2754;3;6.08333;7.16667;1.25
2755;3;6.08333;7.16667;1.25
2756;3;6.08333;6.16667;1.25
2757;3;6.08333;7.16667;1.25
2758;3;6.08333;6.16667;1.25
2759;3;6.08333;7.16667;1.25
2760;3;6.08333;6.16667;1.25
2761;3;6.08333;7.16667;1.25
2762;3;6.08333;6.16667;1.25
2763;3;6.08333;7.16667;1.25
2764;3;6.08333;7.16667;1.25
2765;3;6.08333;6.16667;1.25
2766;3;6.08333;7.16667;1.25
2767;3;6.08333;6.16667;1.25
2768;3;6.08333;7.16667;1.25
2769;3;6.08333;6.16667;1.25
2770;3;6.08333;7.16667;1.25
2771;3;6.08333;6.16667;1.25
2772;3;6.08333;7.16667;1.25
2773;3;6.08333;7.16667;1.25
2774;3;6.08333;6.16667;1.25
2775;3;6.08333;7.16667;1.25
2776;3;6.08333;6.16667;1.25
2777;3;6.08333;7.16667;1.25
2778;3;6.08333;6.16667;1.25
2779;3;6.08333;7.16667;1.25
2780;3;6.08333;6.16667;1.25
2781;3;6.08333;7.16667;1.25
2782;3;6.08333;7.16667;1.25
2783;3;6.08333;6.16667;1.25
2784;3;6.08333;7.16667;1.25
2785;3;6.08333;6.16667;1.25
2786;3;6.08333;7.16667;1.25
2787;3;6.08333;6.16667;1.25
2788;3;6.08333;7.16667;1.25
2789;3;6.08333;6.16667;1.25
2790;3;6.08333;7.16667;1.25
2791;3;6.08333;7.16667;1.25
2792;3;6.08333;6.16667;1.25
2793;3;6.08333;7.16667;1.25
2794;3;6.08333;6.16667;1.25
2795;3;6.08333;7.16667;1.25
2796;3;6.08333;6.16667;1.25
2797;3;6.08333;7.16667;1.25
2798;3;6.08333;6.16667;1.25
2799;3;6.08333;7.16667;1.25
2800;3;6.08333;7.16667;1.25
2801;3;6.08333;6.16667;1.25
2802;3;6.08333;7.16667;1.25
2803;3;6.08333;6.16667;1.25
2804;3;6.08333;7.16667;1.25
2805;3;6.08333;6.16667;1.25
2806;3;6.08333;7.16667;1.25
2807;3;6.08333;6.16667;1.25
2808;3;6.08333;7.16667;1.25
2809;3;6.08333;6.16667;1.25
2810;3;6.08333;7.16667;1.25
2811;3;6.08333;7.16667;1.25
2812;3;6.08333;6.16667;1.25
2813;3;6.08333;7.16667;1.25
2814;3;6.08333;6.16667;1.25
2815;3;6.08333;7.16667;1.25
2816;3;6.08333;6.16667;1.25
2817;3;6.08333;7.16667;1.25
2818;3;6.08333;6.16667;1.25
2819;3;6.08333;7.16667;1.25
2820;3;6.08333;6.16667;1.25
2821;3;6.08333;7.16667;1.25
2822;3;6.08333;7.16667;1.25
2823;3;6.08333;6.16667;1.25
2824;3;6.08333;7.16667;1.25
2825;3;6.08333;6.16667;1.25
2826;3;6.08333;7.16667;1.25
2827;3;6.08333;6.16667;1.25
2828;3;6.08333;7.16667;1.25
2829;3;6.08333;6.16667;1.25
2830;3;6.08333;7.16667;1.25
2831;3;6.08333;6.16667;1.25
2832;3;6.08333;7.16667;1.25
2833;3;6.08333;7.16667;1.25
2834;3;6.08333;6.16667;1.25
2835;3;6.08333;7.16667;1.25
2836;3;6.08333;6.16667;1.25
2837;3;6.08333;7.16667;1.25
2838;3;6.08333;6.16667;1.25
2839;3;6.08333;7.16667;1.25
2840;3;6.08333;6.16667;1.25
2841;3;6.08333;7.16667;1.25
2842;3;6.08333;6.16667;1.25
2843;3;6.08333;7.16667;1.25
2844;3;6.08333;7.16667;1.25
2845;3;6.08333;6.16667;1.25
2846;3;6.08333;7.16667;1.25
2847;3;6.08333;6.16667;1.25
2848;3;6.08333;7.16667;1.25
2849;3;6.08333;6.16667;1.25
2850;3;6.08333;7.16667;1.25
2851;3;6.08333;6.16667;1.25
2852;3;6.08333;7.16667;1.25
2853;3;6.08333;6.16667;1.25
2854;3;6.08333;7.16667;1.25
2855;3;6.08333;6.16667;1.25
2856;3;6.08333;7.16667;1.25
2857;3;6.08333;7.16667;1.25
2858;3;6.08333;6.16667;1.25
2859;3;6.08333;7.16667;1.25
2860;3;6.08333;6.16667;1.25
2861;3;6.08333;7.16667;1.25
2862;3;6.08333;6.16667;1.25
2863;3;6.08333;7.16667;1.25
2864;3;6.08333;6.16667;1.25
2865;3;6.08333;7.16667;1.25
2866;3;6.08333;6.16667;1.25
2867;3;6.08333;7.16667;1.25
2868;3;6.08333;6.16667;1.25
2869;3;6.08333;7.16667;1.25
2870;3;6.08333;7.16667;1.25
2871;3;6.08333;6.16667;1.25
2872;3;6.08333;7.16667;1.25
2873;3;6.08333;6.16667;1.25
2874;3;6.08333;7.16667;1.25
2875;3;6.08333;6.16667;1.25
2876;3;6.08333;7.16667;1.25
2877;3;6.08333;6.16667;1.25
2878;3;6.08333;7.16667;1.25
2879;3;6.08333;6.16667;1.25
2880;3;6.08333;7.16667;1.25
2881;3;6.08333;6.16667;1.25
2882;3;6.08333;7.16667;1.25
2883;3;6.08333;6.16667;1.25
2884;3;6.08333;7.16667;1.25
2885;3;6.08333;7.16667;1.25
2886;3;6.08333;6.16667;1.25
2887;3;6.08333;7.16667;1.25
2888;3;6.08333;6.16667;1.25
2889;3;6.08333;7.16667;1.25
2890;3;6.08333;6.16667;1.25
2891;3;6.08333;7.16667;1.25
2892;3;6.08333;6.16667;1.25
2893;3;6.08333;7.16667;1.25
2894;3;6.08333;6.16667;1.25
2895;3;6.08333;7.16667;1.25
2896;3;6.08333;6.16667;1.25
2897;3;6.08333;7.16667;1.25
2898;3;6.08333;6.16667;1.25
2899;3;6.08333;7.16667;1.25
2900;3;6.08333;7.16667;1.25
2901;3;6.08333;6.16667;1.25
2902;3;6.08333;7.16667;1.25
2903;3;6.08333;6.16667;1.25
2904;3;6.08333;7.16667;1.25
2905;3;6.08333;6.16667;1.25
2906;3;6.08333;7.16667;1.25
2907;3;6.08333;6.16667;1.25
2908;3;6.08333;7.16667;1.25
2909;3;6.08333;6.16667;1.25
2910;3;6.08333;7.16667;1.25
2911;3;6.08333;6.16667;1.25
2912;3;6.08333;7.16667;1.25
2913;3;6.08333;6.16667;1.25
2914;3;6.08333;7.16667;1.25
2915;3;6.08333;7.16667;1.25
2916;3;6.08333;6.16667;1.25
2917;3;6.08333;7.16667;1.25
2918;3;6.08333;6.16667;1.25
2919;3;6.08333;7.16667;1.25
2920;3;6.08333;6.16667;1.25
2921;3;6.08333;7.16667;1.25
2922;3;6.08333;6.16667;1.25
2923;3;6.08333;7.16667;1.25
2924;3;6.08333;6.16667;1.25
2925;3;6.08333;7.16667;1.25
2926;3;6.08333;6.16667;1.25
2927;3;6.08333;7.16667;1.25
2928;3;6.08333;6.16667;1.25
2929;3;6.08333;7.16667;1.25
2930;3;6.08333;6.16667;1.25
2931;3;6.08333;7.16667;1.25
2932;3;6.08333;7.16667;1.25
2933;3;6.08333;6.16667;1.25
2934;3;6.08333;7.16667;1.25
2935;3;6.08333;6.16667;1.25
2936;3;6.08333;7.16667;1.25
2937;3;6.08333;6.16667;1.25
2938;3;6.08333;7.16667;1.25
2939;3;6.08333;6.16667;1.25
2940;3;6.08333;7.16667;1.25
2941;3;6.08333;6.16667;1.25
2942;3;6.08333;7.16667;1.25
2943;3;6.08333;6.16667;1.25
2944;3;6.08333;7.16667;1.25
2945;3;6.08333;6.16667;1.25
2946;3;6.08333;7.16667;1.25
2947;3;6.08333;6.16667;1.25
2948;3;6.08333;7.16667;1.25
2949;3;6.08333;6.16667;1.25
2950;3;6.08333;7.16667;1.25
2951;3;6.08333;7.16667;1.25
2952;3;6.08333;6.16667;1.25
2953;3;6.08333;7.16667;1.25
2954;3;6.08333;6.16667;1.25
2955;3;6.08333;7.16667;1.25
2956;3;6.08333;6.16667;1.25
2957;3;6.08333;7.16667;1.25
2958;3;6.08333;6.16667;1.25
2959;3;6.08333;7.16667;1.25
2960;3;6.08333;6.16667;1.25
2961;3;6.08333;7.16667;1.25
2962;3;6.08333;6.16667;1.25
2963;3;6.08333;7.16667;1.25
2964;3;6.08333;6.16667;1.25
2965;3;6.08333;7.16667;1.25
2966;3;6.08333;6.16667;1.25
2967;3;6.08333;7.16667;1.25
2968;3;6.08333;6.16667;1.25
2969;3;6.08333;7.16667;1.25
2970;3;6.08333;7.16667;1.25
2971;3;6.08333;6.16667;1.25
2972;3;6.08333;7.16667;1.25
2973;3;6.08333;6.16667;1.25
2974;3;6.08333;7.16667;1.25
2975;3;6.08333;6.16667;1.25
2976;3;6.08333;7.16667;1.25
2977;3;6.08333;6.16667;1.25
2978;3;6.08333;7.16667;1.25
2979;3;6.08333;6.16667;1.25
2980;3;6.08333;7.16667;1.25
2981;3;6.08333;6.16667;1.25
2982;3;6.08333;7.16667;1.25
2983;3;6.08333;6.16667;1.25
2984;3;6.08333;7.16667;1.25
2985;3;6.08333;6.16667;1.25
2986;3;6.08333;7.16667;1.25
2987;3;6.08333;6.16667;1.25
2988;3;6.08333;7.16667;1.25
2989;3;6.08333;6.16667;1.25
2990;3;6.08333;7.16667;1.25
2991;3;6.08333;6.16667;1.25
2992;3;6.08333;7.16667;1.25
2993;3;6.08333;7.16667;1.25
2994;3;6.08333;6.16667;1.25
2995;3;6.08333;7.16667;1.25
2996;3;6.08333;6.16667;1.25
2997;3;6.08333;7.16667;1.25
2998;3;6.08333;6.16667;1.25
2999;3;6.08333;7.16667;1.25
3000;3;6.08333;6.16667;1.25
3001;3;6.08333;7.16667;1.25
3002;3;6.08333;6.16667;1.25
3003;3;6.08333;7.16667;1.25
3004;3;6.08333;6.16667;1.25
3005;3;6.08333;7.16667;1.25
3006;3;6.08333;6.16667;1.25
3007;3;6.08333;7.16667;1.25
3008;3;6.08333;6.16667;1.25
3009;3;6.08333;7.16667;1.25
3010;3;6.08333;6.16667;1.25
3011;3;6.08333;7.16667;1.25
3012;3;6.08333;6.16667;1.25
3013;3;6.08333;7.16667;1.25
3014;3;6.08333;6.16667;1.25
3015;3;6.08333;7.16667;1.25
3016;3;6.08333;7.16667;1.25
3017;3;6.08333;6.16667;1.25
3018;3;6.08333;7.16667;1.25
3019;3;6.08333;6.16667;1.25
3020;3;6.08333;7.16667;1.25
3021;3;6.08333;6.16667;1.25
3022;3;6.08333;7.16667;1.25
3023;3;6.08333;6.16667;1.25
3024;3;6.08333;7.16667;1.25
3025;3;6.08333;6.16667;1.25
3026;3;6.08333;7.16667;1.25
3027;3;6.08333;6.16667;1.25
3028;3;6.08333;7.16667;1.25
3029;3;6.08333;6.16667;1.25
3030;3;6.08333;7.16667;1.25
3031;3;6.08333;6.16667;1.25
3032;3;6.08333;7.16667;1.25
3033;3;6.08333;6.16667;1.25
3034;3;6.08333;7.16667;1.25
3035;3;6.08333;6.16667;1.25
3036;3;6.08333;7.16667;1.25
3037;3;6.08333;6.16667;1.25
3038;3;6.08333;7.16667;1.25
3039;3;6.08333;6.16667;1.25
3040;3;6.08333;7.16667;1.25
3041;3;6.08333;6.16667;1.25
3042;3;6.08333;7.16667;1.25
3043;3;6.08333;7.16667;1.25
3044;3;6.08333;6.16667;1.25
3045;3;6.08333;7.16667;1.25
3046;3;6.08333;6.16667;1.25
3047;3;6.08333;7.16667;1.25
3048;3;6.08333;6.16667;1.25
3049;3;6.08333;7.16667;1.25
3050;3;6.08333;6.16667;1.25
3051;3;6.08333;7.16667;1.25
3052;3;6.08333;6.16667;1.25
3053;3;6.08333;7.16667;1.25
3054;3;6.08333;6.16667;1.25
3055;3;6.08333;7.16667;1.25
3056;3;6.08333;6.16667;1.25
3057;3;6.08333;7.16667;1.25
3058;3;6.08333;6.16667;1.25
3059;3;6.08333;7.16667;1.25
3060;3;6.08333;6.16667;1.25
3061;3;6.08333;7.16667;1.25
3062;3;6.08333;6.16667;1.25
3063;3;6.08333;7.16667;1.25
3064;3;6.08333;6.16667;1.25
3065;3;6.08333;7.16667;1.25
3066;3;6.08333;6.16667;1.25
3067;3;6.08333;7.16667;1.25
3068;3;6.08333;6.16667;1.25
3069;3;6.08333;7.16667;1.25
3070;3;6.08333;6.16667;1.25
3071;3;6.08333;7.16667;1.25
3072;3;6.08333;7.16667;1.25
3073;3;6.08333;6.16667;1.25
3074;3;6.08333;7.16667;1.25
3075;3;6.08333;6.16667;1.25
3076;3;6.08333;7.16667;1.25
3077;3;6.08333;6.16667;1.25
3078;3;6.08333;7.16667;1.25
3079;3;6.08333;6.16667;1.25
3080;3;6.08333;7.16667;1.25
3081;3;6.08333;6.16667;1.25
3082;3;6.08333;7.16667;1.25
3083;3;6.08333;6.16667;1.25
3084;3;6.08333;7.16667;1.25
3085;3;6.08333;6.16667;1.25
3086;3;6.08333;7.16667;1.25
3087;3;6.08333;6.16667;1.25
3088;3;6.08333;7.16667;1.25
3089;3;6.08333;6.16667;1.25
3090;3;6.08333;7.16667;1.25
3091;3;6.08333;6.16667;1.25
3092;3;6.08333;7.16667;1.25
3093;3;6.08333;6.16667;1.25
3094;3;6.08333;7.16667;1.25
3095;3;6.08333;6.16667;1.25
3096;3;6.08333;7.16667;1.25
3097;3;6.08333;6.16667;1.25
3098;3;6.08333;7.16667;1.25
3099;3;6.08333;6.16667;1.25
3100;3;6.08333;7.16667;1.25
3101;3;6.08333;6.16667;1.25
3102;3;6.08333;7.16667;1.25
3103;3;6.08333;6.16667;1.25
3104;3;6.08333;7.16667;1.25
3105;3;6.08333;7.16667;1.25
3106;3;6.08333;6.16667;1.25
3107;3;6.08333;7.16667;1.25
3108;3;6.08333;6.16667;1.25
3109;3;6.08333;7.16667;1.25
3110;3;6.08333;6.16667;1.25
3111;3;6.08333;7.16667;1.25
3112;3;6.08333;6.16667;1.25
3113;3;6.08333;7.16667;1.25
3114;3;6.08333;6.16667;1.25
3115;3;6.08333;7.16667;1.25
3116;3;6.08333;6.16667;1.25
3117;3;6.08333;7.16667;1.25
3118;3;6.08333;6.16667;1.25
3119;3;6.08333;7.16667;1.25
3120;3;6.08333;6.16667;1.25
3121;3;6.08333;7.16667;1.25
3122;3;6.08333;6.16667;1.25
3123;3;6.08333;7.16667;1.25
3124;3;6.08333;6.16667;1.25
3125;3;6.08333;7.16667;1.25
3126;3;6.08333;6.16667;1.25
3127;3;6.08333;7.16667;1.25
3128;3;6.08333;6.16667;1.25
3129;3;6.08333;7.16667;1.25
3130;3;6.08333;6.16667;1.25
3131;3;6.08333;7.16667;1.25
3132;3;6.08333;6.16667;1.25
3133;3;6.08333;7.16667;1.25
3134;3;6.08333;6.16667;1.25
3135;3;6.08333;7.16667;1.25
3136;3;6.08333;6.16667;1.25
3137;3;6.08333;7.16667;1.25
3138;3;6.08333;6.16667;1.25
3139;3;6.08333;7.16667;1.25
3140;3;6.08333;6.16667;1.25
3141;3;6.08333;7.16667;1.25
3142;3;6.08333;6.16667;1.25
3143;3;6.08333;7.16667;1.25
3144;3;6.08333;7.16667;1.25
3145;3;6.08333;6.16667;1.25
3146;3;6.08333;7.16667;1.25
3147;3;6.08333;6.16667;1.25
3148;3;6.08333;7.16667;1.25
3149;3;6.08333;6.16667;1.25
3150;3;6.08333;7.16667;1.25
3151;3;6.08333;6.16667;1.25
3152;3;6.08333;7.16667;1.25
3153;3;6.08333;6.16667;1.25
3154;3;6.08333;7.16667;1.25
3155;3;6.08333;6.16667;1.25
3156;3;6.08333;7.16667;1.25
3157;3;6.08333;6.16667;1.25
3158;3;6.08333;7.16667;1.25
3159;3;6.08333;6.16667;1.25
3160;3;6.08333;7.16667;1.25
3161;3;6.08333;6.16667;1.25
3162;3;6.08333;7.16667;1.25
3163;3;6.08333;6.16667;1.25
3164;3;6.08333;7.16667;1.25
3165;3;6.08333;6.16667;1.25
3166;3;6.08333;7.16667;1.25
3167;3;6.08333;6.16667;1.25
3168;3;6.08333;7.16667;1.25
3169;3;6.08333;6.16667;1.25
3170;3;6.08333;7.16667;1.25
3171;3;6.08333;6.16667;1.25
3172;3;6.08333;7.16667;1.25
3173;3;6.08333;6.16667;1.25
3174;3;6.08333;7.16667;1.25
3175;3;6.08333;6.16667;1.25
3176;3;6.08333;7.16667;1.25
3177;3;6.08333;6.16667;1.25
3178;3;6.08333;7.16667;1.25
3179;3;6.08333;6.16667;1.25
3180;3;6.08333;7.16667;1.25
3181;3;6.08333;6.16667;1.25
3182;3;6.08333;7.16667;1.25
3183;3;6.08333;6.16667;1.25
3184;3;6.08333;7.16667;1.25
3185;3;6.08333;6.16667;1.25
3186;3;6.08333;7.16667;1.25
3187;3;6.08333;7.16667;1.25
3188;3;6.08333;6.16667;1.25
3189;3;6.08333;7.16667;1.25
3190;3;6.08333;6.16667;1.25
3191;3;6.08333;7.16667;1.25
3192;3;6.08333;6.16667;1.25
3193;3;6.08333;7.16667;1.25
3194;3;6.08333;6.16667;1.25
3195;3;6.08333;7.16667;1.25
3196;3;6.08333;6.16667;1.25
3197;3;6.08333;7.16667;1.25
3198;3;6.08333;6.16667;1.25
3199;3;6.08333;7.16667;1.25
3200;3;6.08333;6.16667;1.25
3201;3;6.08333;7.16667;1.25
3202;3;6.08333;6.16667;1.25
3203;3;6.08333;7.16667;1.25
3204;3;6.08333;6.16667;1.25
3205;3;6.08333;7.16667;1.25
3206;3;6.08333;6.16667;1.25
3207;3;6.08333;7.16667;1.25
3208;3;6.08333;6.16667;1.25
3209;3;6.08333;7.16667;1.25
3210;3;6.08333;6.16667;1.25
3211;3;6.08333;7.16667;1.25
3212;3;6.08333;6.16667;1.25
3213;3;6.08333;7.16667;1.25
3214;3;6.08333;6.16667;1.25
3215;3;6.08333;7.16667;1.25
3216;3;6.08333;6.16667;1.25
3217;3;6.08333;7.16667;1.25
3218;3;6.08333;6.16667;1.25
3219;3;6.08333;7.16667;1.25
3220;3;6.08333;6.16667;1.25
3221;3;6.08333;7.16667;1.25
3222;3;6.08333;6.16667;1.25
3223;3;6.08333;7.16667;1.25
3224;3;6.08333;6.16667;1.25
3225;3;6.08333;7.16667;1.25
3226;3;6.08333;6.16667;1.25
3227;3;6.08333;7.16667;1.25
3228;3;6.08333;6.16667;1.25
3229;3;6.08333;7.16667;1.25
3230;3;6.08333;6.16667;1.25
3231;3;6.08333;7.16667;1.25
3232;3;6.08333;6.16667;1.25
3233;3;6.08333;7.16667;1.25
3234;3;6.08333;6.16667;1.25
3235;3;6.08333;7.16667;1.25
3236;3;6.08333;6.16667;1.25
3237;3;6.08333;7.16667;1.25
3238;3;6.08333;6.16667;1.25
3239;3;6.08333;7.16667;1.25
3240;3;6.08333;7.16667;1.25
3241;3;6.08333;6.16667;1.25
3242;3;6.08333;7.16667;1.25
3243;3;6.08333;6.16667;1.25
3244;3;6.08333;7.16667;1.25
3245;3;6.08333;6.16667;1.25
3246;3;6.08333;7.16667;1.25
3247;3;6.08333;6.16667;1.25
3248;3;6.08333;7.16667;1.25
3249;3;6.08333;6.16667;1.25
3250;3;6.08333;7.16667;1.25
3251;3;6.08333;6.16667;1.25
3252;3;6.08333;7.16667;1.25
3253;3;6.08333;6.16667;1.25
3254;3;6.08333;7.16667;1.25
3255;3;6.08333;6.16667;1.25
3256;3;6.08333;7.16667;1.25
3257;3;6.08333;6.16667;1.25
3258;3;6.08333;7.16667;1.25
3259;3;6.08333;6.16667;1.25
3260;3;6.08333;7.16667;1.25
3261;3;6.08333;6.16667;1.25
3262;3;6.08333;7.16667;1.25
3263;3;6.08333;6.16667;1.25
3264;3;6.08333;7.16667;1.25
3265;3;6.08333;6.16667;1.25
3266;3;6.08333;7.16667;1.25
3267;3;6.08333;6.16667;1.25
3268;3;6.08333;7.16667;1.25
3269;3;6.08333;6.16667;1.25
3270;3;6.08333;7.16667;1.25
3271;3;6.08333;6.16667;1.25
3272;3;6.08333;7.16667;1.25
3273;3;6.08333;6.16667;1.25
3274;3;6.08333;7.16667;1.25
3275;3;6.08333;6.16667;1.25
3276;3;6.08333;7.16667;1.25
3277;3;6.08333;6.16667;1.25
3278;3;6.08333;7.16667;1.25
3279;3;6.08333;6.16667;1.25
3280;3;6.08333;7.16667;1.25
3281;3;6.08333;6.16667;1.25
3282;3;6.08333;7.16667;1.25
3283;3;6.08333;6.16667;1.25
3284;3;6.08333;7.16667;1.25
3285;3;6.08333;6.16667;1.25
3286;3;6.08333;7.16667;1.25
3287;3;6.08333;6.16667;1.25
3288;3;6.08333;7.16667;1.25
3289;3;6.08333;6.16667;1.25
3290;3;6.08333;7.16667;1.25
3291;3;6.08333;6.16667;1.25
3292;3;6.08333;7.16667;1.25
3293;3;6.08333;6.16667;1.25
3294;3;6.08333;7.16667;1.25
3295;3;6.08333;6.16667;1.25
3296;3;6.08333;7.16667;1.25
3297;3;6.08333;6.16667;1.25
3298;3;6.08333;7.16667;1.25
3299;3;6.08333;6.16667;1.25
3300;3;6.08333;7.16667;1.25
3301;3;6.08333;6.16667;1.25
3302;3;6.08333;7.16667;1.25
3303;3;6.08333;7.16667;1.25
3304;3;6.08333;6.16667;1.25
3305;3;6.08333;7.16667;1.25
3306;3;6.08333;6.16667;1.25
3307;3;6.08333;7.16667;1.25
3308;3;6.08333;6.16667;1.25
3309;3;6.08333;7.16667;1.25
3310;3;6.08333;6.16667;1.25
3311;3;6.08333;7.16667;1.25
3312;3;6.08333;6.16667;1.25
3313;3;6.08333;7.16667;1.25
3314;3;6.08333;6.16667;1.25
3315;3;6.08333;7.16667;1.25
3316;3;6.08333;6.16667;1.25
3317;3;6.08333;7.16667;1.25
3318;3;6.08333;6.16667;1.25
3319;3;6.08333;7.16667;1.25
3320;3;6.08333;6.16667;1.25
3321;3;6.08333;7.16667;1.25
3322;3;6.08333;6.16667;1.25
3323;3;6.08333;7.16667;1.25
3324;3;6.08333;6.16667;1.25
3325;3;6.08333;7.16667;1.25
3326;3;6.08333;6.16667;1.25
3327;3;6.08333;7.16667;1.25
3328;3;6.08333;6.16667;1.25
3329;3;6.08333;7.16667;1.25
3330;3;6.08333;6.16667;1.25
3331;3;6.08333;7.16667;1.25
3332;3;6.08333;6.16667;1.25
3333;3;6.08333;7.16667;1.25
3334;3;6.08333;6.16667;1.25
3335;3;6.08333;7.16667;1.25
3336;3;6.08333;6.16667;1.25
3337;3;6.08333;7.16667;1.25
3338;3;6.08333;6.16667;1.25
3339;3;6.08333;7.16667;1.25
3340;3;6.08333;6.16667;1.25
3341;3;6.08333;7.16667;1.25
3342;3;6.08333;6.16667;1.25
3343;3;6.08333;7.16667;1.25
3344;3;6.08333;6.16667;1.25
3345;3;6.08333;7.16667;1.25
3346;3;6.08333;6.16667;1.25
3347;3;6.08333;7.16667;1.25
3348;3;6.08333;6.16667;1.25
3349;3;6.08333;7.16667;1.25
3350;3;6.08333;6.16667;1.25
3351;3;6.08333;7.16667;1.25
3352;3;6.08333;6.16667;1.25
3353;3;6.08333;7.16667;1.25
3354;3;6.08333;6.16667;1.25
3355;3;6.08333;7.16667;1.25
3356;3;6.08333;6.16667;1.25
3357;3;6.08333;7.16667;1.25
3358;3;6.08333;6.16667;1.25
3359;3;6.08333;7.16667;1.25
3360;3;6.08333;6.16667;1.25
3361;3;6.08333;7.16667;1.25
3362;3;6.08333;6.16667;1.25
3363;3;6.08333;7.16667;1.25
3364;3;6.08333;6.16667;1.25
3365;3;6.08333;7.16667;1.25
3366;3;6.08333;6.16667;1.25
3367;3;6.08333;7.16667;1.25
3368;3;6.08333;6.16667;1.25
3369;3;6.08333;7.16667;1.25
3370;3;6.08333;6.16667;1.25
3371;3;6.08333;7.16667;1.25
3372;3;6.08333;6.16667;1.25
3373;3;6.08333;7.16667;1.25
3374;3;6.08333;6.16667;1.25
3375;3;6.08333;7.16667;1.25
3376;3;6.08333;6.16667;1.25
3377;3;6.08333;7.16667;1.25
3378;3;6.08333;6.16667;1.25
3379;3;6.08333;7.16667;1.25
3380;3;6.08333;6.16667;1.25
3381;3;6.08333;7.16667;1.25
3382;3;6.08333;7.16667;1.25
3383;3;6.08333;6.16667;1.25
3384;3;6.08333;7.16667;1.25
3385;3;6.08333;6.16667;1.25
3386;3;6.08333;7.16667;1.25
3387;3;6.08333;6.16667;1.25
3388;3;6.08333;7.16667;1.25
3389;3;6.08333;6.16667;1.25
3390;3;6.08333;7.16667;1.25
3391;3;6.08333;6.16667;1.25
3392;3;6.08333;7.16667;1.25
3393;3;6.08333;6.16667;1.25
3394;3;6.08333;7.16667;1.25
3395;3;6.08333;6.16667;1.25
3396;3;6.08333;7.16667;1.25
3397;3;6.08333;6.16667;1.25
3398;3;6.08333;7.16667;1.25
3399;3;6.08333;6.16667;1.25
3400;3;6.08333;7.16667;1.25
3401;3;6.08333;6.16667;1.25
3402;3;6.08333;7.16667;1.25
3403;3;6.08333;6.16667;1.25
3404;3;6.08333;7.16667;1.25
3405;3;6.08333;6.16667;1.25
3406;3;5.08333;7.16667;1.25
3407;3;6.08333;6.16667;1.25
3408;3;5.08333;7.16667;1.25
3409;3;6.08333;6.16667;1.25
3410;3;5.08333;7.16667;1.25
3411;3;6.08333;6.16667;1.25
3412;3;5.08333;7.16667;1.25
3413;3;6.08333;6.16667;1.25
3414;3;5.08333;7.16667;1.25
3415;3;6.08333;6.16667;1.25
3416;3;5.08333;7.16667;1.25
3417;3;6.08333;6.16667;1.25
3418;3;5.08333;7.16667;1.25
3419;3;6.08333;6.16667;1.25
3420;3;5.08333;7.16667;1.25
3421;3;6.08333;6.16667;1.25
3422;3;5.08333;7.16667;1.25
3423;3;6.08333;6.16667;1.25
3424;3;5.08333;7.16667;1.25
3425;3;6.08333;6.16667;1.25
3426;3;5.08333;7.16667;1.25
3427;3;6.08333;6.16667;1.25
3428;3;5.08333;7.16667;1.25
3429;3;6.08333;6.16667;1.25
3430;3;5.08333;7.16667;1.25
3431;3;6.08333;6.16667;1.25
3432;3;5.08333;7.16667;1.25
3433;3;6.08333;6.16667;1.25
3434;3;5.08333;7.16667;1.25
3435;3;6.08333;6.16667;1.25
3436;3;5.08333;7.16667;1.25
3437;3;6.08333;6.16667;1.25
3438;3;5.08333;7.16667;1.25
3439;3;6.08333;6.16667;1.25
3440;3;5.08333;7.16667;1.25
3441;3;6.08333;6.16667;1.25
3442;3;5.08333;7.16667;1.25
3443;3;6.08333;6.16667;1.25
3444;3;5.08333;7.16667;1.25
3445;3;6.08333;6.16667;1.25
3446;3;5.08333;7.16667;1.25
3447;3;6.08333;6.16667;1.25
3448;3;5.08333;7.16667;1.25
3449;3;6.08333;6.16667;1.25
3450;3;5.08333;7.16667;1.25
3451;3;6.08333;6.16667;1.25
3452;3;5.08333;7.16667;1.25
3453;3;6.08333;6.16667;1.25
3454;3;5.08333;7.16667;1.25
3455;3;6.08333;6.16667;1.25
3456;3;5.08333;7.16667;1.25
3457;3;6.08333;6.16667;1.25
3458;3;5.08333;7.16667;1.25
3459;3;6.08333;6.16667;1.25
3460;3;5.08333;7.16667;1.25
3461;3;6.08333;6.16667;1.25
3462;3;5.08333;7.16667;1.25
3463;3;6.08333;6.16667;1.25
3464;3;5.08333;7.16667;1.25
3465;3;6.08333;6.16667;1.25
3466;3;5.08333;7.16667;1.25
3467;3;6.08333;6.16667;1.25
3468;3;5.08333;7.16667;1.25
3469;3;6.08333;6.16667;1.25
3470;3;5.08333;7.16667;1.25
3471;3;6.08333;6.16667;1.25
3472;3;5.08333;7.16667;1.25
3473;3;6.08333;6.16667;1.25
3474;3;5.08333;7.16667;1.25
3475;3;6.08333;6.16667;1.25
3476;3;5.08333;7.16667;1.25
3477;3;6.08333;6.16667;1.25
3478;3;5.08333;7.16667;1.25
3479;3;6.08333;6.16667;1.25
3480;3;5.08333;7.16667;1.25
3481;3;6.08333;6.16667;1.25
3482;3;5.08333;7.16667;1.25
3483;3;6.08333;7.16667;1.25
3484;3;5.08333;6.16667;1.25
3485;3;6.08333;7.16667;1.25
3486;3;5.08333;6.16667;1.25
3487;3;6.08333;7.16667;1.25
3488;3;5.08333;6.16667;1.25
3489;3;6.08333;7.16667;1.25
3490;3;5.08333;6.16667;1.25
3491;3;6.08333;7.16667;1.25
3492;3;5.08333;6.16667;1.25
3493;3;6.08333;7.16667;1.25
3494;3;5.08333;6.16667;1.25
3495;3;6.08333;7.16667;1.25
3496;3;5.08333;6.16667;1.25
3497;3;6.08333;7.16667;1.25
3498;3;5.08333;6.16667;1.25
3499;3;6.08333;7.16667;1.25
3500;3;5.08333;6.16667;1.25
3501;3;6.08333;7.16667;1.25
3502;3;5.08333;6.16667;1.25
3503;3;6.08333;7.16667;1.25
3504;3;5.08333;6.16667;1.25
3505;3;6.08333;7.16667;1.25
3506;3;5.08333;6.16667;1.25
3507;3;6.08333;7.16667;1.25
3508;3;5.08333;6.16667;1.25
3509;3;6.08333;7.16667;1.25
3510;3;5.08333;6.16667;1.25
3511;3;6.08333;7.16667;1.25
3512;3;5.08333;6.16667;1.25
3513;3;6.08333;7.16667;1.25
3514;3;5.08333;6.16667;1.25
3515;3;6.08333;7.16667;1.25
3516;3;5.08333;6.16667;1.25
3517;3;6.08333;7.16667;1.25
3518;3;5.08333;6.16667;1.25
3519;3;6.08333;7.16667;1.25
3520;3;5.08333;6.16667;1.25
3521;3;6.08333;7.16667;1.25
3522;3;5.08333;6.16667;1.25
3523;3;6.08333;7.16667;1.25
3524;3;5.08333;6.16667;1.25
3525;3;6.08333;7.16667;1.25
3526;3;5.08333;6.16667;1.25
3527;3;6.08333;7.16667;1.25
3528;3;5.08333;6.16667;1.25
3529;3;6.08333;7.16667;1.25
3530;3;5.08333;6.16667;1.25
3531;3;6.08333;7.16667;1.25
3532;3;5.08333;6.16667;1.25
3533;3;6.08333;7.16667;1.25
3534;3;5.08333;6.16667;1.25
3535;3;6.08333;7.16667;1.25
3536;3;5.08333;6.16667;1.25
3537;3;6.08333;7.16667;1.25
3538;3;5.08333;6.16667;1.25
3539;3;6.08333;7.16667;1.25
3540;3;5.08333;6.16667;1.25
3541;3;6.08333;7.16667;1.25
3542;3;5.08333;6.16667;1.25
3543;3;6.08333;7.16667;1.25
3544;3;5.08333;6.16667;1.25
3545;3;6.08333;7.16667;1.25
3546;3;5.08333;6.16667;1.25
3547;3;6.08333;7.16667;1.25
3548;3;5.08333;6.16667;1.25
3549;3;6.08333;7.16667;1.25
3550;3;5.08333;6.16667;1.25
3551;3;6.08333;7.16667;1.25
3552;3;5.08333;6.16667;1.25
3553;3;6.08333;7.16667;1.25
3554;3;5.08333;6.16667;1.25
3555;3;6.08333;7.16667;1.25
3556;3;5.08333;6.16667;1.25
3557;3;6.08333;7.16667;1.25
3558;3;5.08333;6.16667;1.25
3559;3;6.08333;7.16667;1.25
3560;3;5.08333;6.16667;1.25
3561;3;6.08333;7.16667;1.25
3562;3;5.08333;6.16667;1.25
3563;3;6.08333;7.16667;1.25
3564;3;5.08333;6.16667;1.25
3565;3;6.08333;7.16667;1.25
3566;3;5.08333;6.16667;1.25
3567;3;6.08333;7.16667;1.25
3568;3;5.08333;6.16667;1.25
3569;3;6.08333;7.16667;1.25
3570;3;5.08333;6.16667;1.25
3571;3;6.08333;7.16667;1.25
3572;3;5.08333;6.16667;1.25
3573;3;6.08333;7.16667;1.25
3574;3;5.08333;6.16667;1.25
3575;3;6.08333;7.16667;1.25
3576;3;5.08333;6.16667;1.25
3577;3;6.08333;7.16667;1.25
3578;3;5.08333;6.16667;1.25
3579;3;6.08333;7.16667;1.25
3580;3;5.08333;6.16667;1.25
3581;3;6.08333;7.16667;1.25
3582;3;6.08333;6.16667;1.25
3583;3;5.08333;7.16667;1.25
3584;3;6.08333;6.16667;1.25
3585;3;5.08333;7.16667;1.25
3586;3;6.08333;6.16667;1.25
3587;3;5.08333;7.16667;1.25
3588;3;6.08333;6.16667;1.25
3589;3;5.08333;7.16667;1.25
3590;3;6.08333;6.16667;1.25
3591;3;5.08333;7.16667;1.25
3592;3;6.08333;6.16667;1.25
3593;3;5.08333;7.16667;1.25
3594;3;6.08333;6.16667;1.25
3595;3;5.08333;7.16667;1.25
3596;3;6.08333;6.16667;1.25
3597;3;5.08333;7.16667;1.25
3598;3;6.08333;6.16667;1.25
3599;3;5.08333;7.16667;1.25
