0;4;1.25
1;4;1.25
2;4;1.25
3;4;1.25
4;4;1.25
5;4;1.25
6;4;1.25
7;4;1.25
8;4;1.25
9;4;1.25
10;4;1.25
11;4;1.25
12;4;1.25
13;4;1.25
14;4;1.25
15;4;1.25
16;4;1.25
17;4;1.25
18;4;1.25
19;4;1.25
20;4;1.25
21;4;1.25
22;4;1.25
23;4;1.25
24;4;1.25
25;4;1.25
26;4;1.25
27;4;1.25
28;4;1.25
29;4;1.25
30;4;1.25
31;4;1.25
32;4;1.25
33;4;1.25
34;4;1.25
35;4;1.25
36;4;1.25
37;4;1.25
38;4;1.25
39;4;1.25
40;4;1.25
41;4;1.25
42;4;1.25
43;4;1.25
44;4;1.25
45;4;1.25
46;4;1.25
47;4;1.25
48;4;1.25
49;4;1.25
50;4;1.25
51;4;1.25
52;4;1.25
53;4;1.25
54;4;1.25
55;4;1.25
56;4;1.25
57;4;1.25
58;4;1.25
59;4;1.25
60;4;1.25
61;4;1.25
62;4;1.25
63;4;1.25
64;4;1.25
65;4;1.25
66;4;1.25
67;4;1.25
68;4;1.25
69;4;1.25
70;4;1.25
71;4;1.25
72;4;1.25
73;4;1.25
74;4;1.25
75;4;1.25
76;4;1.25
77;4;1.25
78;4;1.25
79;4;1.25
80;4;1.25
81;4;1.25
82;4;1.25
83;4;1.25
84;4;1.25
85;4;1.25
86;4;1.25
87;4;1.25
88;4;1.25
89;4;1.25
90;4;1.25
91;4;1.25
92;4;1.25
93;4;1.25
94;4;1.25
95;4;1.25
96;4;1.25
97;4;1.25
98;4;1.25
99;4;1.25
100;4;1.25
101;4;1.25
102;4;1.25
103;4;1.25
104;4;1.25
105;4;1.25
106;4;1.25
107;4;1.25
108;4;1.25
109;4;1.25
110;4;1.25
111;4;1.25
112;4;1.25
113;4;1.25
114;4;1.25
115;4;1.25
116;4;1.25
117;4;1.25
118;4;1.25
119;4;1.25
120;4;1.25
121;4;1.25
122;4;1.25
123;4;1.25
124;4;1.25
125;4;1.25
126;4;1.25
127;4;1.25
128;4;1.25
129;4;1.25
130;4;1.25
131;4;1.25
132;4;1.25
133;4;1.25
134;4;1.25
135;4;1.25
136;4;1.25
137;4;1.25
138;4;1.25
139;4;1.25
140;4;1.25
141;4;1.25
142;4;1.25
143;4;1.25
144;4;1.25
145;4;1.25
146;4;1.25
147;4;1.25
148;4;1.25
149;4;1.25
150;4;1.25
151;4;1.25
152;4;1.25
153;4;1.25
154;4;1.25
155;4;1.25
156;4;1.25
157;4;1.25
158;4;1.25
159;4;1.25
160;4;1.25
161;4;1.25
162;4;1.25
163;4;1.25
164;4;1.25
165;4;1.25
166;4;1.25
167;4;1.25
168;4;1.25
169;4;1.25
170;4;1.25
171;4;1.25
172;4;1.25
173;4;1.25
174;4;1.25
175;4;1.25
176;4;1.25
177;4;1.25
178;4;1.25
179;4;1.25
180;4;1.25
181;4;1.25
182;4;1.25
183;4;1.25
184;4;1.25
185;4;1.25
186;4;1.25
187;4;1.25
188;4;1.25
189;4;1.25
190;4;1.25
191;4;1.25
192;4;1.25
193;4;1.25
194;4;1.25
195;4;1.25
196;4;1.25
197;4;1.25
198;4;1.25
199;4;1.25
200;4;1.25
201;4;1.25
202;4;1.25
203;4;1.25
204;4;1.25
205;4;1.25
206;4;1.25
207;4;1.25
208;4;1.25
209;4;1.25
210;4;1.25
211;4;1.25
212;4;1.25
213;4;1.25
214;4;1.25
215;4;1.25
216;4;1.25
217;4;1.25
218;4;1.25
219;4;1.25
220;4;1.25
221;4;1.25
222;4;1.25
223;4;1.25
224;4;1.25
225;4;1.25
226;4;1.25
227;4;1.25
228;4;1.25
229;4;1.25
230;4;1.25
231;4;1.25
232;4;1.25
233;4;1.25
234;4;1.25
235;4;1.25
236;4;1.25
237;4;1.25
238;4;1.25
239;4;1.25
240;4;1.25
241;4;1.25
242;4;1.25
243;4;1.25
244;4;1.25
245;4;1.25
246;4;1.25
247;4;1.25
248;4;1.25
249;4;1.25
250;4;1.25
251;4;1.25
252;4;1.25
253;4;1.25
254;4;1.25
255;4;1.25
256;4;1.25
257;4;1.25
258;4;1.25
259;4;1.25
260;4;1.25
261;4;1.25
262;4;1.25
263;4;1.25
264;4;1.25
265;4;1.25
266;4;1.25
267;4;1.25
268;4;1.25
269;4;1.25
270;4;1.25
271;4;1.25
272;4;1.25
273;4;1.25
274;4;1.25
275;4;1.25
276;4;1.25
277;4;1.25
278;4;1.25
279;4;1.25
280;4;1.25
281;4;1.25
282;4;1.25
283;4;1.25
284;4;1.25
285;4;1.25
286;4;1.25
287;4;1.25
288;4;1.25
289;4;1.25
290;4;1.25
291;4;1.25
292;4;1.25
293;4;1.25
294;4;1.25
295;4;1.25
296;4;1.25
297;4;1.25
298;4;1.25
299;4;1.25
300;4;1.25
301;4;1.25
302;4;1.25
303;4;1.25
304;4;1.25
305;4;1.25
306;4;1.25
307;4;1.25
308;4;1.25
309;4;1.25
310;4;1.25
311;4;1.25
312;4;1.25
313;4;1.25
314;4;1.25
315;4;1.25
316;4;1.25
317;4;1.25
318;4;1.25
319;4;1.25
320;4;1.25
321;4;1.25
322;4;1.25
323;4;1.25
324;4;1.25
325;4;1.25
326;4;1.25
327;4;1.25
328;4;1.25
329;4;1.25
330;4;1.25
331;4;1.25
332;4;1.25
333;4;1.25
334;4;1.25
335;4;1.25
336;4;1.25
337;4;1.25
338;4;1.25
339;4;1.25
340;4;1.25
341;4;1.25
342;4;1.25
343;4;1.25
344;4;1.25
345;4;1.25
346;4;1.25
347;4;1.25
348;4;1.25
349;4;1.25
350;4;1.25
351;4;1.25
352;4;1.25
353;4;1.25
354;4;1.25
355;4;1.25
356;4;1.25
357;4;1.25
358;4;1.25
359;4;1.25
360;4;1.25
361;4;1.25
362;4;1.25
363;4;1.25
364;4;1.25
365;4;1.25
366;4;1.25
367;4;1.25
368;4;1.25
369;4;1.25
370;4;1.25
371;4;1.25
372;4;1.25
373;4;1.25
374;4;1.25
375;4;1.25
376;4;1.25
377;4;1.25
378;4;1.25
379;4;1.25
380;4;1.25
381;4;1.25
382;4;1.25
383;4;1.25
384;4;1.25
385;4;1.25
386;4;1.25
387;4;1.25
388;4;1.25
389;4;1.25
390;4;1.25
391;4;1.25
392;4;1.25
393;4;1.25
394;4;1.25
395;4;1.25
396;4;1.25
397;4;1.25
398;4;1.25
399;4;1.25
400;4;1.25
401;4;1.25
402;4;1.25
403;4;1.25
404;4;1.25
405;4;1.25
406;4;1.25
407;4;1.25
408;4;1.25
409;4;1.25
410;4;1.25
411;4;1.25
412;4;1.25
413;4;1.25
414;4;1.25
415;4;1.25
416;4;1.25
417;4;1.25
418;4;1.25
419;4;1.25
420;4;1.25
421;4;1.25
422;4;1.25
423;4;1.25
424;4;1.25
425;4;1.25
426;4;1.25
427;4;1.25
428;4;1.25
429;4;1.25
430;4;1.25
431;4;1.25
432;4;1.25
433;4;1.25
434;4;1.25
435;4;1.25
436;4;1.25
437;4;1.25
438;4;1.25
439;4;1.25
440;4;1.25
441;4;1.25
442;4;1.25
443;4;1.25
444;4;1.25
445;4;1.25
446;4;1.25
447;4;1.25
448;4;1.25
449;4;1.25
450;4;1.25
451;4;1.25
452;4;1.25
453;4;1.25
454;4;1.25
455;4;1.25
456;4;1.25
457;4;1.25
458;4;1.25
459;4;1.25
460;4;1.25
461;4;1.25
462;4;1.25
463;4;1.25
464;4;1.25
465;4;1.25
466;4;1.25
467;4;1.25
468;4;1.25
469;4;1.25
470;4;1.25
471;4;1.25
472;4;1.25
473;4;1.25
474;4;1.25
475;4;1.25
476;4;1.25
477;4;1.25
478;4;1.25
479;4;1.25
480;4;1.25
481;4;1.25
482;4;1.25
483;4;1.25
484;4;1.25
485;4;1.25
486;4;1.25
487;4;1.25
488;4;1.25
489;4;1.25
490;4;1.25
491;4;1.25
492;4;1.25
493;4;1.25
494;4;1.25
495;4;1.25
496;4;1.25
497;4;1.25
498;4;1.25
499;4;1.25
500;4;1.25
501;4;1.25
502;4;1.25
503;4;1.25
504;4;1.25
505;4;1.25
506;4;1.25
507;4;1.25
508;4;1.25
509;4;1.25
510;4;1.25
511;4;1.25
512;4;1.25
513;4;1.25
514;4;1.25
515;4;1.25
516;4;1.25
517;4;1.25
518;4;1.25
519;4;1.25
520;4;1.25
521;4;1.25
522;4;1.25
523;4;1.25
524;4;1.25
525;4;1.25
526;4;1.25
527;4;1.25
528;4;1.25
529;4;1.25
530;4;1.25
531;4;1.25
532;4;1.25
533;4;1.25
534;4;1.25
535;4;1.25
536;4;1.25
537;4;1.25
538;4;1.25
539;4;1.25
540;4;1.25
541;4;1.25
542;4;1.25
543;4;1.25
544;4;1.25
545;4;1.25
546;4;1.25
547;4;1.25
548;4;1.25
549;4;1.25
550;4;1.25
551;4;1.25
552;4;1.25
553;4;1.25
554;4;1.25
555;4;1.25
556;4;1.25
557;4;1.25
558;4;1.25
559;4;1.25
560;4;1.25
561;4;1.25
562;4;1.25
563;4;1.25
564;4;1.25
565;4;1.25
566;4;1.25
567;4;1.25
568;4;1.25
569;4;1.25
570;4;1.25
571;4;1.25
572;4;1.25
573;4;1.25
574;4;1.25
575;4;1.25
576;4;1.25
577;4;1.25
578;4;1.25
579;4;1.25
580;4;1.25
581;4;1.25
582;4;1.25
583;4;1.25
584;4;1.25
585;4;1.25
586;4;1.25
587;4;1.25
588;4;1.25
589;4;1.25
590;4;1.25
591;4;1.25
592;4;1.25
593;4;1.25
594;4;1.25
595;4;1.25
596;4;1.25
597;4;1.25
598;4;1.25
599;4;1.25
600;4;1.25
601;4;1.25
602;4;1.25
603;4;1.25
604;4;1.25
605;4;1.25
606;4;1.25
607;4;1.25
608;4;1.25
609;4;1.25
610;4;1.25
611;4;1.25
612;4;1.25
613;4;1.25
614;4;1.25
615;4;1.25
616;4;1.25
617;4;1.25
618;4;1.25
619;4;1.25
620;4;1.25
621;4;1.25
622;4;1.25
623;4;1.25
624;4;1.25
625;4;1.25
626;4;1.25
627;4;1.25
628;4;1.25
629;4;1.25
630;4;1.25
631;4;1.25
632;4;1.25
633;4;1.25
634;4;1.25
635;4;1.25
636;4;1.25
637;4;1.25
638;4;1.25
639;4;1.25
640;4;1.25
641;4;1.25
642;4;1.25
643;4;1.25
644;4;1.25
645;4;1.25
646;4;1.25
647;4;1.25
648;4;1.25
649;4;1.25
650;4;1.25
651;4;1.25
652;4;1.25
653;4;1.25
654;4;1.25
655;4;1.25
656;4;1.25
657;4;1.25
658;4;1.25
659;4;1.25
660;4;1.25
661;4;1.25
662;4;1.25
663;4;1.25
664;4;1.25
665;4;1.25
666;4;1.25
667;4;1.25
668;4;1.25
669;4;1.25
670;4;1.25
671;4;1.25
672;4;1.25
673;4;1.25
674;4;1.25
675;4;1.25
676;4;1.25
677;4;1.25
678;4;1.25
679;4;1.25
680;4;1.25
681;4;1.25
682;4;1.25
683;4;1.25
684;4;1.25
685;4;1.25
686;4;1.25
687;4;1.25
688;4;1.25
689;4;1.25
690;4;1.25
691;4;1.25
692;4;1.25
693;4;1.25
694;4;1.25
695;4;1.25
696;4;1.25
697;4;1.25
698;4;1.25
699;4;1.25
700;4;1.25
701;4;1.25
702;4;1.25
703;4;1.25
704;4;1.25
705;4;1.25
706;4;1.25
707;4;1.25
708;4;1.25
709;4;1.25
710;4;1.25
711;4;1.25
712;4;1.25
713;4;1.25
714;4;1.25
715;4;1.25
716;4;1.25
717;4;1.25
718;4;1.25
719;4;1.25
720;4;1.25
721;4;1.25
722;4;1.25
723;4;1.25
724;4;1.25
725;4;1.25
726;4;1.25
727;4;1.25
728;4;1.25
729;4;1.25
730;4;1.25
731;4;1.25
732;4;1.25
733;4;1.25
734;4;1.25
735;4;1.25
736;4;1.25
737;4;1.25
738;4;1.25
739;4;1.25
740;4;1.25
741;4;1.25
742;4;1.25
743;4;1.25
744;4;1.25
745;4;1.25
746;4;1.25
747;4;1.25
748;4;1.25
749;4;1.25
750;4;1.25
751;4;1.25
752;4;1.25
753;4;1.25
754;4;1.25
755;4;1.25
756;4;1.25
757;4;1.25
758;4;1.25
759;4;1.25
760;4;1.25
761;4;1.25
762;4;1.25
763;4;1.25
764;4;1.25
765;4;1.25
766;4;1.25
767;4;1.25
768;4;1.25
769;4;1.25
770;4;1.25
771;4;1.25
772;4;1.25
773;4;1.25
774;4;1.25
775;4;1.25
776;4;1.25
777;4;1.25
778;4;1.25
779;4;1.25
780;4;1.25
781;4;1.25
782;4;1.25
783;4;1.25
784;4;1.25
785;4;1.25
786;4;1.25
787;4;1.25
788;4;1.25
789;4;1.25
790;4;1.25
791;4;1.25
792;4;1.25
793;4;1.25
794;4;1.25
795;4;1.25
796;4;1.25
797;4;1.25
798;4;1.25
799;4;1.25
800;4;1.25
801;4;1.25
802;4;1.25
803;4;1.25
804;4;1.25
805;4;1.25
806;4;1.25
807;4;1.25
808;4;1.25
809;4;1.25
810;4;1.25
811;4;1.25
812;4;1.25
813;4;1.25
814;4;1.25
815;4;1.25
816;4;1.25
817;4;1.25
818;4;1.25
819;4;1.25
820;4;1.25
821;4;1.25
822;4;1.25
823;4;1.25
824;4;1.25
825;4;1.25
826;4;1.25
827;4;1.25
828;4;1.25
829;4;1.25
830;4;1.25
831;4;1.25
832;4;1.25
833;4;1.25
834;4;1.25
835;4;1.25
836;4;1.25
837;4;1.25
838;4;1.25
839;4;1.25
840;4;1.25
841;4;1.25
842;4;1.25
843;4;1.25
844;4;1.25
845;4;1.25
846;4;1.25
847;4;1.25
848;4;1.25
849;4;1.25
850;4;1.25
851;4;1.25
852;4;1.25
853;4;1.25
854;4;1.25
855;4;1.25
856;4;1.25
857;4;1.25
858;4;1.25
859;4;1.25
860;4;1.25
861;4;1.25
862;4;1.25
863;4;1.25
864;4;1.25
865;4;1.25
866;4;1.25
867;4;1.25
868;4;1.25
869;4;1.25
870;4;1.25
871;4;1.25
872;4;1.25
873;4;1.25
874;4;1.25
875;4;1.25
876;4;1.25
877;4;1.25
878;4;1.25
879;4;1.25
880;4;1.25
881;4;1.25
882;4;1.25
883;4;1.25
884;4;1.25
885;4;1.25
886;4;1.25
887;4;1.25
888;4;1.25
889;4;1.25
890;4;1.25
891;4;1.25
892;4;1.25
893;4;1.25
894;4;1.25
895;4;1.25
896;4;1.25
897;4;1.25
898;4;1.25
899;4;1.25
900;4;1.25
901;4;1.25
902;4;1.25
903;4;1.25
904;4;1.25
905;4;1.25
906;4;1.25
907;4;1.25
908;4;1.25
909;4;1.25
910;4;1.25
911;4;1.25
912;4;1.25
913;4;1.25
914;4;1.25
915;4;1.25
916;4;1.25
917;4;1.25
918;4;1.25
919;4;1.25
920;4;1.25
921;4;1.25
922;4;1.25
923;4;1.25
924;4;1.25
925;4;1.25
926;4;1.25
927;4;1.25
928;4;1.25
929;4;1.25
930;4;1.25
931;4;1.25
932;4;1.25
933;4;1.25
934;4;1.25
935;4;1.25
936;4;1.25
937;4;1.25
938;4;1.25
939;4;1.25
940;4;1.25
941;4;1.25
942;4;1.25
943;4;1.25
944;4;1.25
945;4;1.25
946;4;1.25
947;4;1.25
948;4;1.25
949;4;1.25
950;4;1.25
951;4;1.25
952;4;1.25
953;4;1.25
954;4;1.25
955;4;1.25
956;4;1.25
957;4;1.25
958;4;1.25
959;4;1.25
960;4;1.25
961;4;1.25
962;4;1.25
963;4;1.25
964;4;1.25
965;4;1.25
966;4;1.25
967;4;1.25
968;4;1.25
969;4;1.25
970;4;1.25
971;4;1.25
972;4;1.25
973;4;1.25
974;4;1.25
975;4;1.25
976;4;1.25
977;4;1.25
978;4;1.25
979;4;1.25
980;4;1.25
981;4;1.25
982;4;1.25
983;4;1.25
984;4;1.25
985;4;1.25
986;4;1.25
987;4;1.25
988;4;1.25
989;4;1.25
990;4;1.25
991;4;1.25
992;4;1.25
993;4;1.25
994;4;1.25
995;4;1.25
996;4;1.25
997;4;1.25
998;4;1.25
999;4;1.25
1000;4;1.25
1001;4;1.25
1002;4;1.25
1003;4;1.25
1004;4;1.25
1005;4;1.25
1006;4;1.25
1007;4;1.25
1008;4;1.25
1009;4;1.25
1010;4;1.25
1011;4;1.25
1012;4;1.25
1013;4;1.25
1014;4;1.25
1015;4;1.25
1016;4;1.25
1017;4;1.25
1018;4;1.25
1019;4;1.25
1020;4;1.25
1021;4;1.25
1022;4;1.25
1023;4;1.25
1024;4;1.25
1025;4;1.25
1026;4;1.25
1027;4;1.25
1028;4;1.25
1029;4;1.25
1030;4;1.25
1031;4;1.25
1032;4;1.25
1033;4;1.25
1034;4;1.25
1035;4;1.25
1036;4;1.25
1037;4;1.25
1038;4;1.25
1039;4;1.25
1040;4;1.25
1041;4;1.25
1042;4;1.25
1043;4;1.25
1044;4;1.25
1045;4;1.25
1046;4;1.25
1047;4;1.25
1048;4;1.25
1049;4;1.25
1050;4;1.25
1051;4;1.25
1052;4;1.25
1053;4;1.25
1054;4;1.25
1055;4;1.25
1056;4;1.25
1057;4;1.25
1058;4;1.25
1059;4;1.25
1060;4;1.25
1061;4;1.25
1062;4;1.25
1063;4;1.25
1064;4;1.25
1065;4;1.25
1066;4;1.25
1067;4;1.25
1068;4;1.25
1069;4;1.25
1070;4;1.25
1071;4;1.25
1072;4;1.25
1073;4;1.25
1074;4;1.25
1075;4;1.25
1076;4;1.25
1077;4;1.25
1078;4;1.25
1079;4;1.25
1080;4;1.25
1081;4;1.25
1082;4;1.25
1083;4;1.25
1084;4;1.25
1085;4;1.25
1086;4;1.25
1087;4;1.25
1088;4;1.25
1089;4;1.25
1090;4;1.25
1091;4;1.25
1092;4;1.25
1093;4;1.25
1094;4;1.25
1095;4;1.25
1096;4;1.25
1097;4;1.25
1098;4;1.25
1099;4;1.25
1100;4;1.25
1101;4;1.25
1102;4;1.25
1103;4;1.25
1104;4;1.25
1105;4;1.25
1106;4;1.25
1107;4;1.25
1108;4;1.25
1109;4;1.25
1110;4;1.25
1111;4;1.25
1112;4;1.25
1113;4;1.25
1114;4;1.25
1115;4;1.25
1116;4;1.25
1117;4;1.25
1118;4;1.25
1119;4;1.25
1120;4;1.25
1121;4;1.25
1122;4;1.25
1123;4;1.25
1124;4;1.25
1125;4;1.25
1126;4;1.25
1127;4;1.25
1128;4;1.25
1129;4;1.25
1130;4;1.25
1131;4;1.25
1132;4;1.25
1133;4;1.25
1134;4;1.25
1135;4;1.25
1136;4;1.25
1137;4;1.25
1138;4;1.25
1139;4;1.25
1140;4;1.25
1141;4;1.25
1142;4;1.25
1143;4;1.25
1144;4;1.25
1145;4;1.25
1146;4;1.25
1147;4;1.25
1148;4;1.25
1149;4;1.25
1150;4;1.25
1151;4;1.25
1152;4;1.25
1153;4;1.25
1154;4;1.25
1155;4;1.25
1156;4;1.25
1157;4;1.25
1158;4;1.25
1159;4;1.25
1160;4;1.25
1161;4;1.25
1162;4;1.25
1163;4;1.25
1164;4;1.25
1165;4;1.25
1166;4;1.25
1167;4;1.25
1168;4;1.25
1169;4;1.25
1170;4;1.25
1171;4;1.25
1172;4;1.25
1173;4;1.25
1174;4;1.25
1175;4;1.25
1176;4;1.25
1177;4;1.25
1178;4;1.25
1179;4;1.25
1180;4;1.25
1181;4;1.25
1182;4;1.25
1183;4;1.25
1184;4;1.25
1185;4;1.25
1186;4;1.25
1187;4;1.25
1188;4;1.25
1189;4;1.25
1190;4;1.25
1191;4;1.25
1192;4;1.25
1193;4;1.25
1194;5;1.25
1195;5;1.25
1196;5;1.25
1197;5;1.25
1198;5;1.25
1199;5;1.25
1200;5;1.25
1201;5;1.25
1202;5;1.25
1203;5;1.25
1204;5;1.25
1205;5;1.25
1206;5;1.25
1207;5;1.25
1208;5;1.25
1209;5;1.25
1210;5;1.25
1211;5;1.25
1212;5;1.25
1213;5;1.25
1214;5;1.25
1215;5;1.25
1216;5;1.25
1217;5;1.25
1218;5;1.25
1219;5;1.25
1220;5;1.25
1221;5;1.25
1222;5;1.25
1223;5;1.25
1224;5;1.25
1225;5;1.25
1226;5;1.25
1227;5;1.25
1228;5;1.25
1229;5;1.25
1230;5;1.25
1231;5;1.25
1232;5;1.25
1233;5;1.25
1234;5;1.25
1235;5;1.25
1236;5;1.25
1237;5;1.25
1238;5;1.25
1239;5;1.25
1240;5;1.25
1241;5;1.25
1242;5;1.25
1243;5;1.25
1244;5;1.25
1245;5;1.25
1246;5;1.25
1247;5;1.25
1248;5;1.25
1249;5;1.25
1250;5;1.25
1251;5;1.25
1252;5;1.25
1253;5;1.25
1254;5;1.25
1255;5;1.25
1256;5;1.25
1257;5;1.25
1258;5;1.25
1259;5;1.25
1260;5;1.25
1261;5;1.25
1262;5;1.25
1263;5;1.25
1264;5;1.25
1265;5;1.25
1266;5;1.25
1267;5;1.25
1268;5;1.25
1269;5;1.25
1270;5;1.25
1271;5;1.25
1272;5;1.25
1273;5;1.25
1274;5;1.25
1275;5;1.25
1276;5;1.25
1277;5;1.25
1278;5;1.25
1279;5;1.25
1280;5;1.25
1281;5;1.25
1282;5;1.25
1283;5;1.25
1284;5;1.25
1285;5;1.25
1286;5;1.25
1287;5;1.25
1288;5;1.25
1289;5;1.25
1290;5;1.25
1291;5;1.25
1292;5;1.25
1293;5;1.25
1294;5;1.25
1295;5;1.25
1296;5;1.25
1297;5;1.25
1298;5;1.25
1299;5;1.25
1300;5;1.25
1301;5;1.25
1302;5;1.25
1303;5;1.25
1304;5;1.25
1305;5;1.25
1306;5;1.25
1307;5;1.25
1308;5;1.25
1309;5;1.25
1310;5;1.25
1311;5;1.25
1312;5;1.25
1313;5;1.25
1314;5;1.25
1315;5;1.25
1316;5;1.25
1317;5;1.25
1318;5;1.25
1319;5;1.25
1320;5;1.25
1321;5;1.25
1322;5;1.25
1323;5;1.25
1324;5;1.25
1325;5;1.25
1326;5;1.25
1327;5;1.25
1328;5;1.25
1329;5;1.25
1330;5;1.25
1331;5;1.25
1332;5;1.25
1333;5;1.25
1334;5;1.25
1335;5;1.25
1336;5;1.25
1337;5;1.25
1338;5;1.25
1339;5;1.25
1340;5;1.25
1341;5;1.25
1342;5;1.25
1343;5;1.25
1344;5;1.25
1345;5;1.25
1346;5;1.25
1347;5;1.25
1348;5;1.25
1349;5;1.25
1350;5;1.25
1351;5;1.25
1352;5;1.25
1353;5;1.25
1354;5;1.25
1355;5;1.25
1356;5;1.25
1357;5;1.25
1358;5;1.25
1359;5;1.25
1360;5;1.25
1361;5;1.25
1362;5;1.25
1363;5;1.25
1364;5;1.25
1365;5;1.25
1366;5;1.25
1367;5;1.25
1368;5;1.25
1369;5;1.25
1370;5;1.25
1371;5;1.25
1372;5;1.25
1373;5;1.25
1374;5;1.25
1375;5;1.25
1376;5;1.25
1377;5;1.25
1378;5;1.25
1379;5;1.25
1380;5;1.25
1381;5;1.25
1382;5;1.25
1383;5;1.25
1384;5;1.25
1385;5;1.25
1386;5;1.25
1387;5;1.25
1388;5;1.25
1389;5;1.25
1390;5;1.25
1391;5;1.25
1392;5;1.25
1393;5;1.25
1394;5;1.25
1395;5;1.25
1396;5;1.25
1397;5;1.25
1398;5;1.25
1399;5;1.25
1400;5;1.25
1401;5;1.25
1402;5;1.25
1403;5;1.25
1404;5;1.25
1405;5;1.25
1406;5;1.25
1407;5;1.25
1408;5;1.25
1409;5;1.25
1410;5;1.25
1411;5;1.25
1412;5;1.25
1413;5;1.25
1414;5;1.25
1415;5;1.25
1416;5;1.25
1417;5;1.25
1418;5;1.25
1419;5;1.25
1420;5;1.25
1421;5;1.25
1422;5;1.25
1423;5;1.25
1424;5;1.25
1425;5;1.25
1426;5;1.25
1427;5;1.25
1428;5;1.25
1429;5;1.25
1430;5;1.25
1431;5;1.25
1432;5;1.25
1433;5;1.25
1434;5;1.25
1435;5;1.25
1436;5;1.25
1437;5;1.25
1438;5;1.25
1439;5;1.25
1440;5;1.25
1441;5;1.25
1442;5;1.25
1443;5;1.25
1444;5;1.25
1445;5;1.25
1446;5;1.25
1447;5;1.25
1448;5;1.25
1449;5;1.25
1450;5;1.25
1451;5;1.25
1452;5;1.25
1453;5;1.25
1454;5;1.25
1455;5;1.25
1456;5;1.25
1457;5;1.25
1458;5;1.25
1459;5;1.25
1460;5;1.25
1461;5;1.25
1462;5;1.25
1463;5;1.25
1464;5;1.25
1465;5;1.25
1466;5;1.25
1467;5;1.25
1468;5;1.25
1469;5;1.25
1470;5;1.25
1471;5;1.25
1472;5;1.25
1473;5;1.25
1474;5;1.25
1475;5;1.25
1476;5;1.25
1477;5;1.25
1478;5;1.25
1479;5;1.25
1480;5;1.25
1481;5;1.25
1482;5;1.25
1483;5;1.25
1484;5;1.25
1485;5;1.25
1486;5;1.25
1487;5;1.25
1488;5;1.25
1489;5;1.25
1490;5;1.25
1491;5;1.25
1492;5;1.25
1493;5;1.25
1494;5;1.25
1495;5;1.25
1496;5;1.25
1497;5;1.25
1498;5;1.25
1499;5;1.25
1500;5;1.25
1501;5;1.25
1502;5;1.25
1503;5;1.25
1504;5;1.25
1505;5;1.25
1506;5;1.25
1507;5;1.25
1508;5;1.25
1509;5;1.25
1510;5;1.25
1511;5;1.25
1512;5;1.25
1513;5;1.25
1514;5;1.25
1515;5;1.25
1516;5;1.25
1517;5;1.25
1518;5;1.25
1519;5;1.25
1520;5;1.25
1521;5;1.25
1522;5;1.25
1523;5;1.25
1524;5;1.25
1525;5;1.25
1526;5;1.25
1527;5;1.25
1528;5;1.25
1529;5;1.25
1530;5;1.25
1531;5;1.25
1532;5;1.25
1533;5;1.25
1534;5;1.25
1535;5;1.25
1536;5;1.25
1537;5;1.25
1538;5;1.25
1539;5;1.25
1540;5;1.25
1541;5;1.25
1542;5;1.25
1543;5;1.25
1544;5;1.25
1545;5;1.25
1546;5;1.25
1547;5;1.25
1548;5;1.25
1549;5;1.25
1550;5;1.25
1551;5;1.25
1552;5;1.25
1553;5;1.25
1554;5;1.25
1555;5;1.25
1556;5;1.25
1557;5;1.25
1558;5;1.25
1559;5;1.25
1560;5;1.25
1561;5;1.25
1562;5;1.25
1563;5;1.25
1564;5;1.25
1565;5;1.25
1566;5;1.25
1567;5;1.25
1568;5;1.25
1569;5;1.25
1570;5;1.25
1571;5;1.25
1572;5;1.25
1573;5;1.25
1574;5;1.25
1575;5;1.25
1576;5;1.25
1577;5;1.25
1578;5;1.25
1579;5;1.25
1580;5;1.25
1581;5;1.25
1582;5;1.25
1583;5;1.25
1584;5;1.25
1585;5;1.25
1586;5;1.25
1587;5;1.25
1588;5;1.25
1589;5;1.25
1590;5;1.25
1591;5;1.25
1592;5;1.25
1593;5;1.25
1594;5;1.25
1595;5;1.25
1596;5;1.25
1597;5;1.25
1598;5;1.25
1599;5;1.25
1600;5;1.25
1601;5;1.25
1602;5;1.25
1603;5;1.25
1604;5;1.25
1605;5;1.25
1606;5;1.25
1607;5;1.25
1608;5;1.25
1609;5;1.25
1610;5;1.25
1611;5;1.25
1612;5;1.25
1613;5;1.25
1614;5;1.25
1615;5;1.25
1616;5;1.25
1617;5;1.25
1618;5;1.25
1619;5;1.25
1620;5;1.25
1621;5;1.25
1622;5;1.25
1623;5;1.25
1624;5;1.25
1625;5;1.25
1626;5;1.25
1627;5;1.25
1628;5;1.25
1629;5;1.25
1630;5;1.25
1631;5;1.25
1632;5;1.25
1633;5;1.25
1634;5;1.25
1635;5;1.25
1636;5;1.25
1637;5;1.25
1638;5;1.25
1639;5;1.25
1640;5;1.25
1641;5;1.25
1642;5;1.25
1643;5;1.25
1644;5;1.25
1645;5;1.25
1646;5;1.25
1647;5;1.25
1648;5;1.25
1649;5;1.25
1650;5;1.25
1651;5;1.25
1652;5;1.25
1653;5;1.25
1654;5;1.25
1655;5;1.25
1656;5;1.25
1657;5;1.25
1658;5;1.25
1659;5;1.25
1660;5;1.25
1661;5;1.25
1662;5;1.25
1663;5;1.25
1664;5;1.25
1665;5;1.25
1666;5;1.25
1667;5;1.25
1668;5;1.25
1669;5;1.25
1670;5;1.25
1671;5;1.25
1672;5;1.25
1673;5;1.25
1674;5;1.25
1675;5;1.25
1676;5;1.25
1677;5;1.25
1678;5;1.25
1679;5;1.25
1680;5;1.25
1681;5;1.25
1682;5;1.25
1683;5;1.25
1684;5;1.25
1685;5;1.25
1686;5;1.25
1687;5;1.25
1688;5;1.25
1689;5;1.25
1690;5;1.25
1691;5;1.25
1692;5;1.25
1693;5;1.25
1694;5;1.25
1695;5;1.25
1696;5;1.25
1697;5;1.25
1698;5;1.25
1699;5;1.25
1700;5;1.25
1701;5;1.25
1702;5;1.25
1703;5;1.25
1704;5;1.25
1705;5;1.25
1706;5;1.25
1707;5;1.25
1708;5;1.25
1709;5;1.25
1710;5;1.25
1711;5;1.25
1712;5;1.25
1713;5;1.25
1714;5;1.25
1715;5;1.25
1716;5;1.25
1717;5;1.25
1718;5;1.25
1719;5;1.25
1720;5;1.25
1721;5;1.25
1722;5;1.25
1723;5;1.25
1724;5;1.25
1725;5;1.25
1726;5;1.25
1727;5;1.25
1728;5;1.25
1729;5;1.25
1730;5;1.25
1731;5;1.25
1732;5;1.25
1733;5;1.25
1734;5;1.25
1735;5;1.25
1736;5;1.25
1737;5;1.25
1738;5;1.25
1739;5;1.25
1740;5;1.25
1741;5;1.25
1742;5;1.25
1743;5;1.25
1744;5;1.25
1745;5;1.25
1746;5;1.25
1747;5;1.25
1748;5;1.25
1749;5;1.25
1750;5;1.25
1751;5;1.25
1752;5;1.25
1753;5;1.25
1754;5;1.25
1755;5;1.25
1756;5;1.25
1757;5;1.25
1758;5;1.25
1759;5;1.25
1760;5;1.25
1761;5;1.25
1762;5;1.25
1763;5;1.25
1764;5;1.25
1765;5;1.25
1766;5;1.25
1767;5;1.25
1768;5;1.25
1769;5;1.25
1770;5;1.25
1771;5;1.25
1772;5;1.25
1773;5;1.25
1774;5;1.25
1775;5;1.25
1776;5;1.25
1777;5;1.25
1778;5;1.25
1779;5;1.25
1780;5;1.25
1781;5;1.25
1782;5;1.25
1783;5;1.25
1784;5;1.25
1785;5;1.25
1786;5;1.25
1787;5;1.25
1788;5;1.25
1789;5;1.25
1790;5;1.25
1791;5;1.25
1792;5;1.25
1793;5;1.25
1794;5;1.25
1795;5;1.25
1796;5;1.25
1797;5;1.25
1798;5;1.25
1799;5;1.25
1800;5;1.25
1801;5;1.25
1802;5;1.25
1803;5;1.25
1804;5;1.25
1805;5;1.25
1806;5;1.25
1807;5;1.25
1808;5;1.25
1809;5;1.25
1810;5;1.25
1811;5;1.25
1812;5;1.25
1813;5;1.25
1814;5;1.25
1815;5;1.25
1816;5;1.25
1817;5;1.25
1818;5;1.25
1819;5;1.25
1820;5;1.25
1821;5;1.25
1822;5;1.25
1823;5;1.25
1824;5;1.25
1825;5;1.25
1826;5;1.25
1827;5;1.25
1828;5;1.25
1829;5;1.25
1830;5;1.25
1831;5;1.25
1832;5;1.25
1833;5;1.25
1834;5;1.25
1835;5;1.25
1836;5;1.25
1837;5;1.25
1838;5;1.25
1839;5;1.25
1840;5;1.25
1841;5;1.25
1842;5;1.25
1843;5;1.25
1844;5;1.25
1845;5;1.25
1846;5;1.25
1847;5;1.25
1848;5;1.25
1849;5;1.25
1850;5;1.25
1851;5;1.25
1852;5;1.25
1853;5;1.25
1854;5;1.25
1855;5;1.25
1856;5;1.25
1857;5;1.25
1858;5;1.25
1859;5;1.25
1860;5;1.25
1861;5;1.25
1862;5;1.25
1863;5;1.25
1864;5;1.25
1865;5;1.25
1866;5;1.25
1867;5;1.25
1868;5;1.25
1869;5;1.25
1870;5;1.25
1871;5;1.25
1872;5;1.25
1873;5;1.25
1874;5;1.25
1875;5;1.25
1876;5;1.25
1877;5;1.25
1878;5;1.25
1879;5;1.25
1880;5;1.25
1881;5;1.25
1882;5;1.25
1883;5;1.25
1884;5;1.25
1885;5;1.25
1886;5;1.25
1887;5;1.25
1888;5;1.25
1889;5;1.25
1890;5;1.25
1891;5;1.25
1892;5;1.25
1893;5;1.25
1894;5;1.25
1895;5;1.25
1896;5;1.25
1897;5;1.25
1898;5;1.25
1899;5;1.25
1900;5;1.25
1901;5;1.25
1902;5;1.25
1903;5;1.25
1904;5;1.25
1905;5;1.25
1906;5;1.25
1907;5;1.25
1908;5;1.25
1909;5;1.25
1910;5;1.25
1911;5;1.25
1912;5;1.25
1913;5;1.25
1914;5;1.25
1915;5;1.25
1916;5;1.25
1917;5;1.25
1918;5;1.25
1919;5;1.25
1920;5;1.25
1921;5;1.25
1922;5;1.25
1923;5;1.25
1924;5;1.25
1925;5;1.25
1926;5;1.25
1927;5;1.25
1928;5;1.25
1929;5;1.25
1930;5;1.25
1931;5;1.25
1932;5;1.25
1933;5;1.25
1934;5;1.25
1935;5;1.25
1936;5;1.25
1937;5;1.25
1938;5;1.25
1939;5;1.25
1940;5;1.25
1941;5;1.25
1942;5;1.25
1943;5;1.25
1944;5;1.25
1945;5;1.25
1946;5;1.25
1947;5;1.25
1948;5;1.25
1949;5;1.25
1950;5;1.25
1951;5;1.25
1952;5;1.25
1953;5;1.25
1954;5;1.25
1955;5;1.25
1956;5;1.25
1957;5;1.25
1958;5;1.25
1959;5;1.25
1960;5;1.25
1961;5;1.25
1962;5;1.25
1963;5;1.25
1964;5;1.25
1965;5;1.25
1966;5;1.25
1967;5;1.25
1968;5;1.25
1969;5;1.25
1970;5;1.25
1971;5;1.25
1972;5;1.25
1973;5;1.25
1974;5;1.25
1975;5;1.25
1976;5;1.25
1977;5;1.25
1978;5;1.25
1979;5;1.25
1980;5;1.25
1981;5;1.25
1982;5;1.25
1983;5;1.25
1984;5;1.25
1985;5;1.25
1986;5;1.25
1987;5;1.25
1988;5;1.25
1989;5;1.25
1990;5;1.25
1991;5;1.25
1992;5;1.25
1993;5;1.25
1994;5;1.25
1995;5;1.25
1996;5;1.25
1997;5;1.25
1998;5;1.25
1999;5;1.25
2000;5;1.25
2001;5;1.25
2002;5;1.25
2003;5;1.25
2004;5;1.25
2005;5;1.25
2006;5;1.25
2007;5;1.25
2008;5;1.25
2009;5;1.25
2010;5;1.25
2011;5;1.25
2012;5;1.25
2013;5;1.25
2014;5;1.25
2015;5;1.25
2016;5;1.25
2017;5;1.25
2018;5;1.25
2019;5;1.25
2020;5;1.25
2021;5;1.25
2022;5;1.25
2023;5;1.25
2024;5;1.25
2025;5;1.25
2026;5;1.25
2027;5;1.25
2028;5;1.25
2029;5;1.25
2030;5;1.25
2031;5;1.25
2032;5;1.25
2033;5;1.25
2034;5;1.25
2035;5;1.25
2036;5;1.25
2037;5;1.25
2038;5;1.25
2039;5;1.25
2040;5;1.25
2041;5;1.25
2042;5;1.25
2043;5;1.25
2044;5;1.25
2045;5;1.25
2046;5;1.25
2047;5;1.25
2048;5;1.25
2049;5;1.25
2050;5;1.25
2051;5;1.25
2052;5;1.25
2053;5;1.25
2054;5;1.25
2055;5;1.25
2056;5;1.25
2057;5;1.25
2058;5;1.25
2059;5;1.25
2060;5;1.25
2061;5;1.25
2062;5;1.25
2063;5;1.25
2064;5;1.25
2065;5;1.25
2066;5;1.25
2067;5;1.25
2068;5;1.25
2069;5;1.25
2070;5;1.25
2071;5;1.25
2072;5;1.25
2073;5;1.25
2074;5;1.25
2075;5;1.25
2076;5;1.25
2077;5;1.25
2078;5;1.25
2079;5;1.25
2080;5;1.25
2081;5;1.25
2082;5;1.25
2083;5;1.25
2084;5;1.25
2085;5;1.25
2086;5;1.25
2087;5;1.25
2088;5;1.25
2089;5;1.25
2090;5;1.25
2091;5;1.25
2092;5;1.25
2093;5;1.25
2094;5;1.25
2095;5;1.25
2096;5;1.25
2097;5;1.25
2098;5;1.25
2099;5;1.25
2100;5;1.25
2101;5;1.25
2102;5;1.25
2103;5;1.25
2104;5;1.25
2105;5;1.25
2106;5;1.25
2107;5;1.25
2108;5;1.25
2109;5;1.25
2110;5;1.25
2111;5;1.25
2112;5;1.25
2113;5;1.25
2114;5;1.25
2115;5;1.25
2116;5;1.25
2117;5;1.25
2118;5;1.25
2119;5;1.25
2120;5;1.25
2121;5;1.25
2122;5;1.25
2123;5;1.25
2124;5;1.25
2125;5;1.25
2126;5;1.25
2127;5;1.25
2128;5;1.25
2129;5;1.25
2130;5;1.25
2131;5;1.25
2132;5;1.25
2133;5;1.25
2134;5;1.25
2135;5;1.25
2136;5;1.25
2137;5;1.25
2138;5;1.25
2139;5;1.25
2140;5;1.25
2141;5;1.25
2142;5;1.25
2143;5;1.25
2144;5;1.25
2145;5;1.25
2146;5;1.25
2147;5;1.25
2148;5;1.25
2149;5;1.25
2150;5;1.25
2151;5;1.25
2152;5;1.25
2153;5;1.25
2154;5;1.25
2155;5;1.25
2156;5;1.25
2157;5;1.25
2158;5;1.25
2159;5;1.25
2160;5;1.25
2161;5;1.25
2162;5;1.25
2163;5;1.25
2164;5;1.25
2165;5;1.25
2166;5;1.25
2167;5;1.25
2168;5;1.25
2169;5;1.25
2170;5;1.25
2171;5;1.25
2172;5;1.25
2173;5;1.25
2174;5;1.25
2175;5;1.25
2176;5;1.25
2177;5;1.25
2178;5;1.25
2179;5;1.25
2180;5;1.25
2181;5;1.25
2182;5;1.25
2183;5;1.25
2184;5;1.25
2185;5;1.25
2186;5;1.25
2187;5;1.25
2188;5;1.25
2189;5;1.25
2190;5;1.25
2191;5;1.25
2192;5;1.25
2193;5;1.25
2194;5;1.25
2195;5;1.25
2196;5;1.25
2197;5;1.25
2198;5;1.25
2199;5;1.25
2200;5;1.25
2201;5;1.25
2202;5;1.25
2203;5;1.25
2204;5;1.25
2205;5;1.25
2206;5;1.25
2207;5;1.25
2208;5;1.25
2209;5;1.25
2210;5;1.25
2211;5;1.25
2212;5;1.25
2213;5;1.25
2214;5;1.25
2215;5;1.25
2216;5;1.25
2217;5;1.25
2218;5;1.25
2219;5;1.25
2220;5;1.25
2221;5;1.25
2222;5;1.25
2223;5;1.25
2224;5;1.25
2225;5;1.25
2226;5;1.25
2227;5;1.25
2228;5;1.25
2229;5;1.25
2230;5;1.25
2231;5;1.25
2232;5;1.25
2233;5;1.25
2234;5;1.25
2235;5;1.25
2236;5;1.25
2237;5;1.25
2238;5;1.25
2239;5;1.25
2240;5;1.25
2241;5;1.25
2242;5;1.25
2243;5;1.25
2244;5;1.25
2245;5;1.25
2246;5;1.25
2247;5;1.25
2248;5;1.25
2249;5;1.25
2250;5;1.25
2251;5;1.25
2252;5;1.25
2253;5;1.25
2254;5;1.25
2255;5;1.25
2256;5;1.25
2257;5;1.25
2258;5;1.25
2259;5;1.25
2260;5;1.25
2261;5;1.25
2262;5;1.25
2263;5;1.25
2264;5;1.25
2265;5;1.25
2266;5;1.25
2267;5;1.25
2268;5;1.25
2269;5;1.25
2270;5;1.25
2271;5;1.25
2272;5;1.25
2273;5;1.25
2274;5;1.25
2275;5;1.25
2276;5;1.25
2277;5;1.25
2278;5;1.25
2279;5;1.25
2280;5;1.25
2281;5;1.25
2282;5;1.25
2283;5;1.25
2284;5;1.25
2285;5;1.25
2286;5;1.25
2287;5;1.25
2288;5;1.25
2289;5;1.25
2290;5;1.25
2291;5;1.25
2292;5;1.25
2293;5;1.25
2294;5;1.25
2295;5;1.25
2296;5;1.25
2297;5;1.25
2298;5;1.25
2299;5;1.25
2300;5;1.25
2301;5;1.25
2302;5;1.25
2303;5;1.25
2304;5;1.25
2305;5;1.25
2306;5;1.25
2307;5;1.25
2308;5;1.25
2309;5;1.25
2310;5;1.25
2311;5;1.25
2312;5;1.25
2313;5;1.25
2314;5;1.25
2315;5;1.25
2316;5;1.25
2317;5;1.25
2318;5;1.25
2319;5;1.25
2320;5;1.25
2321;5;1.25
2322;5;1.25
2323;5;1.25
2324;5;1.25
2325;5;1.25
2326;5;1.25
2327;5;1.25
2328;5;1.25
2329;5;1.25
2330;5;1.25
2331;5;1.25
2332;5;1.25
2333;5;1.25
2334;5;1.25
2335;5;1.25
2336;5;1.25
2337;5;1.25
2338;5;1.25
2339;5;1.25
2340;5;1.25
2341;5;1.25
2342;5;1.25
2343;5;1.25
2344;5;1.25
2345;5;1.25
2346;5;1.25
2347;5;1.25
2348;5;1.25
2349;5;1.25
2350;5;1.25
2351;5;1.25
2352;5;1.25
2353;5;1.25
2354;5;1.25
2355;5;1.25
2356;5;1.25
2357;5;1.25
2358;5;1.25
2359;5;1.25
2360;5;1.25
2361;5;1.25
2362;5;1.25
2363;5;1.25
2364;5;1.25
2365;5;1.25
2366;5;1.25
2367;5;1.25
2368;5;1.25
2369;5;1.25
2370;5;1.25
2371;5;1.25
2372;5;1.25
2373;5;1.25
2374;5;1.25
2375;5;1.25
2376;5;1.25
2377;5;1.25
2378;5;1.25
2379;5;1.25
2380;5;1.25
2381;5;1.25
2382;5;1.25
2383;5;1.25
2384;5;1.25
2385;5;1.25
2386;5;1.25
2387;5;1.25
2388;5;1.25
2389;5;1.25
2390;5;1.25
2391;5;1.25
2392;5;1.25
2393;5;1.25
2394;5;1.25
2395;5;1.25
2396;5;1.25
2397;5;1.25
2398;5;1.25
2399;5;1.25
2400;5;1.25
2401;5;1.25
2402;5;1.25
2403;5;1.25
2404;5;1.25
2405;5;1.25
2406;5;1.25
2407;5;1.25
2408;5;1.25
2409;5;1.25
2410;5;1.25
2411;5;1.25
2412;5;1.25
2413;5;1.25
2414;5;1.25
2415;5;1.25
2416;5;1.25
2417;5;1.25
2418;5;1.25
2419;5;1.25
2420;5;1.25
2421;5;1.25
2422;5;1.25
2423;5;1.25
2424;5;1.25
2425;5;1.25
2426;5;1.25
2427;5;1.25
2428;5;1.25
2429;5;1.25
2430;5;1.25
2431;5;1.25
2432;5;1.25
2433;5;1.25
2434;5;1.25
2435;5;1.25
2436;5;1.25
2437;5;1.25
2438;5;1.25
2439;5;1.25
2440;5;1.25
2441;5;1.25
2442;5;1.25
2443;5;1.25
2444;5;1.25
2445;5;1.25
2446;5;1.25
2447;5;1.25
2448;5;1.25
2449;5;1.25
2450;5;1.25
2451;5;1.25
2452;5;1.25
2453;5;1.25
2454;5;1.25
2455;5;1.25
2456;5;1.25
2457;5;1.25
2458;5;1.25
2459;5;1.25
2460;5;1.25
2461;5;1.25
2462;5;1.25
2463;5;1.25
2464;5;1.25
2465;5;1.25
2466;5;1.25
2467;5;1.25
2468;5;1.25
2469;5;1.25
2470;5;1.25
2471;5;1.25
2472;5;1.25
2473;5;1.25
2474;5;1.25
2475;5;1.25
2476;5;1.25
2477;5;1.25
2478;5;1.25
2479;5;1.25
2480;5;1.25
2481;5;1.25
2482;5;1.25
2483;5;1.25
2484;5;1.25
2485;5;1.25
2486;5;1.25
2487;5;1.25
2488;5;1.25
2489;5;1.25
2490;5;1.25
2491;5;1.25
2492;5;1.25
2493;5;1.25
2494;5;1.25
2495;5;1.25
2496;5;1.25
2497;5;1.25
2498;5;1.25
2499;5;1.25
2500;5;1.25
2501;5;1.25
2502;5;1.25
2503;5;1.25
2504;5;1.25
2505;5;1.25
2506;5;1.25
2507;5;1.25
2508;5;1.25
2509;5;1.25
2510;5;1.25
2511;5;1.25
2512;5;1.25
2513;5;1.25
2514;5;1.25
2515;5;1.25
2516;5;1.25
2517;5;1.25
2518;5;1.25
2519;5;1.25
2520;5;1.25
2521;5;1.25
2522;5;1.25
2523;5;1.25
2524;5;1.25
2525;5;1.25
2526;5;1.25
2527;5;1.25
2528;5;1.25
2529;5;1.25
2530;5;1.25
2531;5;1.25
2532;5;1.25
2533;5;1.25
2534;5;1.25
2535;5;1.25
2536;5;1.25
2537;5;1.25
2538;5;1.25
2539;5;1.25
2540;5;1.25
2541;5;1.25
2542;5;1.25
2543;5;1.25
2544;5;1.25
2545;5;1.25
2546;5;1.25
2547;5;1.25
2548;5;1.25
2549;5;1.25
2550;5;1.25
2551;5;1.25
2552;5;1.25
2553;5;1.25
2554;5;1.25
2555;5;1.25
2556;5;1.25
2557;5;1.25
2558;5;1.25
2559;5;1.25
2560;5;1.25
2561;5;1.25
2562;5;1.25
2563;5;1.25
2564;5;1.25
2565;5;1.25
2566;5;1.25
2567;5;1.25
2568;5;1.25
2569;5;1.25
2570;5;1.25
2571;5;1.25
2572;5;1.25
2573;5;1.25
2574;5;1.25
2575;5;1.25
2576;5;1.25
2577;5;1.25
2578;5;1.25
2579;5;1.25
2580;5;1.25
2581;5;1.25
2582;5;1.25
2583;5;1.25
2584;5;1.25
2585;5;1.25
2586;5;1.25
2587;5;1.25
2588;5;1.25
2589;5;1.25
2590;5;1.25
2591;5;1.25
2592;5;1.25
2593;5;1.25
2594;5;1.25
2595;5;1.25
2596;5;1.25
2597;5;1.25
2598;5;1.25
2599;5;1.25
2600;5;1.25
2601;5;1.25
2602;5;1.25
2603;5;1.25
2604;5;1.25
2605;5;1.25
2606;5;1.25
2607;5;1.25
2608;5;1.25
2609;5;1.25
2610;5;1.25
2611;5;1.25
2612;5;1.25
2613;5;1.25
2614;5;1.25
2615;5;1.25
2616;5;1.25
2617;5;1.25
2618;5;1.25
2619;5;1.25
2620;5;1.25
2621;5;1.25
2622;5;1.25
2623;5;1.25
2624;5;1.25
2625;5;1.25
2626;5;1.25
2627;5;1.25
2628;5;1.25
2629;5;1.25
2630;5;1.25
2631;5;1.25
2632;5;1.25
2633;5;1.25
2634;5;1.25
2635;5;1.25
2636;5;1.25
2637;5;1.25
2638;5;1.25
2639;5;1.25
2640;5;1.25
2641;5;1.25
2642;5;1.25
2643;5;1.25
2644;5;1.25
2645;5;1.25
2646;5;1.25
2647;5;1.25
2648;5;1.25
2649;5;1.25
2650;5;1.25
2651;5;1.25
2652;5;1.25
2653;5;1.25
2654;5;1.25
2655;5;1.25
2656;5;1.25
2657;5;1.25
2658;5;1.25
2659;5;1.25
2660;5;1.25
2661;5;1.25
2662;5;1.25
2663;5;1.25
2664;5;1.25
2665;5;1.25
2666;5;1.25
2667;5;1.25
2668;5;1.25
2669;5;1.25
2670;5;1.25
2671;5;1.25
2672;5;1.25
2673;5;1.25
2674;5;1.25
2675;5;1.25
2676;5;1.25
2677;5;1.25
2678;5;1.25
2679;5;1.25
2680;5;1.25
2681;5;1.25
2682;5;1.25
2683;5;1.25
2684;5;1.25
2685;5;1.25
2686;5;1.25
2687;5;1.25
2688;5;1.25
2689;5;1.25
2690;5;1.25
2691;5;1.25
2692;5;1.25
2693;5;1.25
2694;5;1.25
2695;5;1.25
2696;5;1.25
2697;5;1.25
2698;5;1.25
2699;5;1.25
2700;5;1.25
2701;5;1.25
2702;5;1.25
2703;5;1.25
2704;5;1.25
2705;5;1.25
2706;5;1.25
2707;5;1.25
2708;5;1.25
2709;5;1.25
2710;5;1.25
2711;5;1.25
2712;5;1.25
2713;5;1.25
2714;5;1.25
2715;5;1.25
2716;5;1.25
2717;5;1.25
2718;5;1.25
2719;5;1.25
2720;5;1.25
2721;5;1.25
2722;5;1.25
2723;5;1.25
2724;5;1.25
2725;5;1.25
2726;5;1.25
2727;5;1.25
2728;5;1.25
2729;5;1.25
2730;5;1.25
2731;5;1.25
2732;5;1.25
2733;5;1.25
2734;5;1.25
2735;5;1.25
2736;5;1.25
2737;5;1.25
2738;5;1.25
2739;5;1.25
2740;5;1.25
2741;5;1.25
2742;5;1.25
2743;5;1.25
2744;5;1.25
2745;5;1.25
2746;5;1.25
2747;5;1.25
2748;5;1.25
2749;5;1.25
2750;5;1.25
2751;5;1.25
2752;5;1.25
2753;5;1.25
2754;5;1.25
2755;5;1.25
2756;5;1.25
2757;5;1.25
2758;5;1.25
2759;5;1.25
2760;5;1.25
2761;5;1.25
2762;5;1.25
2763;5;1.25
2764;5;1.25
2765;5;1.25
2766;5;1.25
2767;5;1.25
2768;5;1.25
2769;5;1.25
2770;5;1.25
2771;5;1.25
2772;5;1.25
2773;5;1.25
2774;5;1.25
2775;5;1.25
2776;5;1.25
2777;5;1.25
2778;5;1.25
2779;5;1.25
2780;5;1.25
2781;5;1.25
2782;5;1.25
2783;5;1.25
2784;5;1.25
2785;5;1.25
2786;5;1.25
2787;5;1.25
2788;5;1.25
2789;5;1.25
2790;5;1.25
2791;5;1.25
2792;5;1.25
2793;5;1.25
2794;5;1.25
2795;5;1.25
2796;5;1.25
2797;5;1.25
2798;5;1.25
2799;5;1.25
2800;5;1.25
2801;5;1.25
2802;5;1.25
2803;5;1.25
2804;5;1.25
2805;5;1.25
2806;5;1.25
2807;5;1.25
2808;5;1.25
2809;5;1.25
2810;5;1.25
2811;5;1.25
2812;5;1.25
2813;5;1.25
2814;5;1.25
2815;5;1.25
2816;5;1.25
2817;5;1.25
2818;5;1.25
2819;5;1.25
2820;5;1.25
2821;5;1.25
2822;5;1.25
2823;5;1.25
2824;5;1.25
2825;5;1.25
2826;5;1.25
2827;5;1.25
2828;5;1.25
2829;5;1.25
2830;5;1.25
2831;5;1.25
2832;5;1.25
2833;5;1.25
2834;5;1.25
2835;5;1.25
2836;5;1.25
2837;5;1.25
2838;5;1.25
2839;5;1.25
2840;5;1.25
2841;5;1.25
2842;5;1.25
2843;5;1.25
2844;5;1.25
2845;5;1.25
2846;5;1.25
2847;5;1.25
2848;5;1.25
2849;5;1.25
2850;5;1.25
2851;5;1.25
2852;5;1.25
2853;5;1.25
2854;5;1.25
2855;5;1.25
2856;5;1.25
2857;5;1.25
2858;5;1.25
2859;5;1.25
2860;5;1.25
2861;5;1.25
2862;5;1.25
2863;5;1.25
2864;5;1.25
2865;5;1.25
2866;5;1.25
2867;5;1.25
2868;5;1.25
2869;5;1.25
2870;5;1.25
2871;5;1.25
2872;5;1.25
2873;5;1.25
2874;5;1.25
2875;5;1.25
2876;5;1.25
2877;5;1.25
2878;5;1.25
2879;5;1.25
2880;5;1.25
2881;5;1.25
2882;5;1.25
2883;5;1.25
2884;5;1.25
2885;5;1.25
2886;5;1.25
2887;5;1.25
2888;5;1.25
2889;5;1.25
2890;5;1.25
2891;5;1.25
2892;5;1.25
2893;5;1.25
2894;5;1.25
2895;5;1.25
2896;5;1.25
2897;5;1.25
2898;5;1.25
2899;5;1.25
2900;5;1.25
2901;5;1.25
2902;5;1.25
2903;5;1.25
2904;5;1.25
2905;5;1.25
2906;5;1.25
2907;5;1.25
2908;5;1.25
2909;5;1.25
2910;5;1.25
2911;5;1.25
2912;5;1.25
2913;5;1.25
2914;5;1.25
2915;5;1.25
2916;5;1.25
2917;5;1.25
2918;5;1.25
2919;5;1.25
2920;5;1.25
2921;5;1.25
2922;5;1.25
2923;5;1.25
2924;5;1.25
2925;5;1.25
2926;5;1.25
2927;5;1.25
2928;5;1.25
2929;5;1.25
2930;5;1.25
2931;5;1.25
2932;5;1.25
2933;5;1.25
2934;5;1.25
2935;5;1.25
2936;5;1.25
2937;5;1.25
2938;5;1.25
2939;5;1.25
2940;5;1.25
2941;5;1.25
2942;5;1.25
2943;5;1.25
2944;5;1.25
2945;5;1.25
2946;5;1.25
2947;5;1.25
2948;5;1.25
2949;5;1.25
2950;5;1.25
2951;5;1.25
2952;5;1.25
2953;5;1.25
2954;5;1.25
2955;5;1.25
2956;5;1.25
2957;5;1.25
2958;5;1.25
2959;5;1.25
2960;5;1.25
2961;5;1.25
2962;5;1.25
2963;5;1.25
2964;5;1.25
2965;5;1.25
2966;5;1.25
2967;5;1.25
2968;5;1.25
2969;5;1.25
2970;5;1.25
2971;5;1.25
2972;5;1.25
2973;5;1.25
2974;5;1.25
2975;5;1.25
2976;5;1.25
2977;5;1.25
2978;5;1.25
2979;5;1.25
2980;5;1.25
2981;5;1.25
2982;5;1.25
2983;5;1.25
2984;5;1.25
2985;5;1.25
2986;5;1.25
2987;5;1.25
2988;5;1.25
2989;5;1.25
2990;5;1.25
2991;5;1.25
2992;5;1.25
2993;5;1.25
2994;5;1.25
2995;5;1.25
2996;5;1.25
2997;5;1.25
2998;5;1.25
2999;5;1.25
3000;5;1.25
3001;5;1.25
3002;5;1.25
3003;5;1.25
3004;5;1.25
3005;5;1.25
3006;5;1.25
3007;5;1.25
3008;5;1.25
3009;5;1.25
3010;5;1.25
3011;5;1.25
3012;5;1.25
3013;5;1.25
3014;5;1.25
3015;5;1.25
3016;5;1.25
3017;5;1.25
3018;5;1.25
3019;5;1.25
3020;5;1.25
3021;5;1.25
3022;5;1.25
3023;5;1.25
3024;5;1.25
3025;5;1.25
3026;5;1.25
3027;5;1.25
3028;5;1.25
3029;5;1.25
3030;5;1.25
3031;5;1.25
3032;5;1.25
3033;5;1.25
3034;5;1.25
3035;5;1.25
3036;5;1.25
3037;5;1.25
3038;5;1.25
3039;5;1.25
3040;5;1.25
3041;5;1.25
3042;5;1.25
3043;5;1.25
3044;5;1.25
3045;5;1.25
3046;5;1.25
3047;5;1.25
3048;5;1.25
3049;5;1.25
3050;5;1.25
3051;5;1.25
3052;5;1.25
3053;5;1.25
3054;5;1.25
3055;5;1.25
3056;5;1.25
3057;5;1.25
3058;5;1.25
3059;5;1.25
3060;5;1.25
3061;5;1.25
3062;5;1.25
3063;5;1.25
3064;5;1.25
3065;5;1.25
3066;5;1.25
3067;5;1.25
3068;5;1.25
3069;5;1.25
3070;5;1.25
3071;5;1.25
3072;5;1.25
3073;5;1.25
3074;5;1.25
3075;5;1.25
3076;5;1.25
3077;5;1.25
3078;5;1.25
3079;5;1.25
3080;5;1.25
3081;5;1.25
3082;5;1.25
3083;5;1.25
3084;5;1.25
3085;5;1.25
3086;5;1.25
3087;5;1.25
3088;5;1.25
3089;5;1.25
3090;5;1.25
3091;5;1.25
3092;5;1.25
3093;5;1.25
3094;5;1.25
3095;5;1.25
3096;5;1.25
3097;5;1.25
3098;5;1.25
3099;5;1.25
3100;5;1.25
3101;5;1.25
3102;5;1.25
3103;5;1.25
3104;5;1.25
3105;5;1.25
3106;5;1.25
3107;5;1.25
3108;5;1.25
3109;5;1.25
3110;5;1.25
3111;5;1.25
3112;5;1.25
3113;5;1.25
3114;5;1.25
3115;5;1.25
3116;5;1.25
3117;5;1.25
3118;5;1.25
3119;5;1.25
3120;5;1.25
3121;5;1.25
3122;5;1.25
3123;5;1.25
3124;5;1.25
3125;5;1.25
3126;5;1.25
3127;5;1.25
3128;5;1.25
3129;5;1.25
3130;5;1.25
3131;5;1.25
3132;5;1.25
3133;5;1.25
3134;5;1.25
3135;5;1.25
3136;5;1.25
3137;5;1.25
3138;5;1.25
3139;5;1.25
3140;5;1.25
3141;5;1.25
3142;5;1.25
3143;5;1.25
3144;5;1.25
3145;5;1.25
3146;5;1.25
3147;5;1.25
3148;5;1.25
3149;5;1.25
3150;5;1.25
3151;5;1.25
3152;5;1.25
3153;5;1.25
3154;5;1.25
3155;5;1.25
3156;5;1.25
3157;5;1.25
3158;5;1.25
3159;5;1.25
3160;5;1.25
3161;5;1.25
3162;5;1.25
3163;5;1.25
3164;5;1.25
3165;5;1.25
3166;5;1.25
3167;5;1.25
3168;5;1.25
3169;5;1.25
3170;5;1.25
3171;5;1.25
3172;5;1.25
3173;5;1.25
3174;5;1.25
3175;5;1.25
3176;5;1.25
3177;5;1.25
3178;5;1.25
3179;5;1.25
3180;5;1.25
3181;5;1.25
3182;5;1.25
3183;5;1.25
3184;5;1.25
3185;5;1.25
3186;5;1.25
3187;5;1.25
3188;5;1.25
3189;5;1.25
3190;5;1.25
3191;5;1.25
3192;5;1.25
3193;5;1.25
3194;5;1.25
3195;5;1.25
3196;5;1.25
3197;5;1.25
3198;5;1.25
3199;5;1.25
3200;5;1.25
3201;5;1.25
3202;5;1.25
3203;5;1.25
3204;5;1.25
3205;5;1.25
3206;5;1.25
3207;5;1.25
3208;5;1.25
3209;5;1.25
3210;5;1.25
3211;5;1.25
3212;5;1.25
3213;5;1.25
3214;5;1.25
3215;5;1.25
3216;5;1.25
3217;5;1.25
3218;5;1.25
3219;5;1.25
3220;5;1.25
3221;5;1.25
3222;5;1.25
3223;5;1.25
3224;5;1.25
3225;5;1.25
3226;5;1.25
3227;5;1.25
3228;5;1.25
3229;5;1.25
3230;5;1.25
3231;5;1.25
3232;5;1.25
3233;5;1.25
3234;5;1.25
3235;5;1.25
3236;5;1.25
3237;5;1.25
3238;5;1.25
3239;5;1.25
3240;5;1.25
3241;5;1.25
3242;5;1.25
3243;5;1.25
3244;5;1.25
3245;5;1.25
3246;5;1.25
3247;5;1.25
3248;5;1.25
3249;5;1.25
3250;5;1.25
3251;5;1.25
3252;5;1.25
3253;5;1.25
3254;5;1.25
3255;5;1.25
3256;5;1.25
3257;5;1.25
3258;5;1.25
3259;5;1.25
3260;5;1.25
3261;5;1.25
3262;5;1.25
3263;5;1.25
3264;5;1.25
3265;5;1.25
3266;5;1.25
3267;5;1.25
3268;5;1.25
3269;5;1.25
3270;5;1.25
3271;5;1.25
3272;5;1.25
3273;5;1.25
3274;5;1.25
3275;5;1.25
3276;5;1.25
3277;5;1.25
3278;5;1.25
3279;5;1.25
3280;5;1.25
3281;5;1.25
3282;5;1.25
3283;5;1.25
3284;5;1.25
3285;5;1.25
3286;5;1.25
3287;5;1.25
3288;5;1.25
3289;5;1.25
3290;5;1.25
3291;5;1.25
3292;5;1.25
3293;5;1.25
3294;5;1.25
3295;5;1.25
3296;5;1.25
3297;5;1.25
3298;5;1.25
3299;5;1.25
3300;5;1.25
3301;5;1.25
3302;5;1.25
3303;5;1.25
3304;5;1.25
3305;5;1.25
3306;5;1.25
3307;5;1.25
3308;5;1.25
3309;5;1.25
3310;5;1.25
3311;5;1.25
3312;5;1.25
3313;5;1.25
3314;5;1.25
3315;5;1.25
3316;5;1.25
3317;5;1.25
3318;5;1.25
3319;5;1.25
3320;5;1.25
3321;5;1.25
3322;5;1.25
3323;5;1.25
3324;5;1.25
3325;5;1.25
3326;5;1.25
3327;5;1.25
3328;5;1.25
3329;5;1.25
3330;5;1.25
3331;5;1.25
3332;5;1.25
3333;5;1.25
3334;5;1.25
3335;5;1.25
3336;5;1.25
3337;5;1.25
3338;5;1.25
3339;5;1.25
3340;5;1.25
3341;5;1.25
3342;5;1.25
3343;5;1.25
3344;5;1.25
3345;5;1.25
3346;5;1.25
3347;5;1.25
3348;5;1.25
3349;5;1.25
3350;5;1.25
3351;5;1.25
3352;5;1.25
3353;5;1.25
3354;5;1.25
3355;5;1.25
3356;5;1.25
3357;5;1.25
3358;5;1.25
3359;5;1.25
3360;5;1.25
3361;5;1.25
3362;5;1.25
3363;5;1.25
3364;5;1.25
3365;5;1.25
3366;5;1.25
3367;5;1.25
3368;5;1.25
3369;5;1.25
3370;5;1.25
3371;5;1.25
3372;5;1.25
3373;5;1.25
3374;5;1.25
3375;5;1.25
3376;5;1.25
3377;5;1.25
3378;5;1.25
3379;5;1.25
3380;5;1.25
3381;5;1.25
3382;5;1.25
3383;5;1.25
3384;5;1.25
3385;5;1.25
3386;5;1.25
3387;5;1.25
3388;5;1.25
3389;5;1.25
3390;5;1.25
3391;5;1.25
3392;5;1.25
3393;5;1.25
3394;5;1.25
3395;5;1.25
3396;5;1.25
3397;5;1.25
3398;5;1.25
3399;5;1.25
3400;5;1.25
3401;5;1.25
3402;5;1.25
3403;5;1.25
3404;5;1.25
3405;5;1.25
3406;5;1.25
3407;5;1.25
3408;5;1.25
3409;5;1.25
3410;5;1.25
3411;5;1.25
3412;5;1.25
3413;5;1.25
3414;5;1.25
3415;5;1.25
3416;5;1.25
3417;5;1.25
3418;5;1.25
3419;5;1.25
3420;5;1.25
3421;5;1.25
3422;5;1.25
3423;5;1.25
3424;5;1.25
3425;5;1.25
3426;5;1.25
3427;5;1.25
3428;5;1.25
3429;5;1.25
3430;5;1.25
3431;5;1.25
3432;5;1.25
3433;5;1.25
3434;5;1.25
3435;5;1.25
3436;5;1.25
3437;5;1.25
3438;5;1.25
3439;5;1.25
3440;5;1.25
3441;5;1.25
3442;5;1.25
3443;5;1.25
3444;5;1.25
3445;5;1.25
3446;5;1.25
3447;5;1.25
3448;5;1.25
3449;5;1.25
3450;5;1.25
3451;5;1.25
3452;5;1.25
3453;5;1.25
3454;5;1.25
3455;5;1.25
3456;5;1.25
3457;5;1.25
3458;5;1.25
3459;5;1.25
3460;5;1.25
3461;5;1.25
3462;5;1.25
3463;5;1.25
3464;5;1.25
3465;5;1.25
3466;5;1.25
3467;5;1.25
3468;5;1.25
3469;5;1.25
3470;5;1.25
3471;5;1.25
3472;5;1.25
3473;5;1.25
3474;5;1.25
3475;5;1.25
3476;5;1.25
3477;5;1.25
3478;5;1.25
3479;5;1.25
3480;5;1.25
3481;5;1.25
3482;5;1.25
3483;5;1.25
3484;5;1.25
3485;5;1.25
3486;5;1.25
3487;5;1.25
3488;5;1.25
3489;5;1.25
3490;5;1.25
3491;5;1.25
3492;5;1.25
3493;5;1.25
3494;5;1.25
3495;5;1.25
3496;5;1.25
3497;5;1.25
3498;5;1.25
3499;5;1.25
3500;5;1.25
3501;5;1.25
3502;5;1.25
3503;5;1.25
3504;5;1.25
3505;5;1.25
3506;5;1.25
3507;5;1.25
3508;5;1.25
3509;5;1.25
3510;5;1.25
3511;5;1.25
3512;5;1.25
3513;5;1.25
3514;5;1.25
3515;5;1.25
3516;5;1.25
3517;5;1.25
3518;5;1.25
3519;5;1.25
3520;5;1.25
3521;5;1.25
3522;5;1.25
3523;5;1.25
3524;5;1.25
3525;5;1.25
3526;5;1.25
3527;5;1.25
3528;5;1.25
3529;5;1.25
3530;5;1.25
3531;5;1.25
3532;5;1.25
3533;5;1.25
3534;5;1.25
3535;5;1.25
3536;5;1.25
3537;5;1.25
3538;5;1.25
3539;5;1.25
3540;5;1.25
3541;5;1.25
3542;5;1.25
3543;5;1.25
3544;5;1.25
3545;5;1.25
3546;5;1.25
3547;5;1.25
3548;5;1.25
3549;5;1.25
3550;5;1.25
3551;5;1.25
3552;5;1.25
3553;5;1.25
3554;5;1.25
3555;5;1.25
3556;5;1.25
3557;5;1.25
3558;5;1.25
3559;5;1.25
3560;5;1.25
3561;5;1.25
3562;5;1.25
3563;5;1.25
3564;5;1.25
3565;5;1.25
3566;5;1.25
3567;5;1.25
3568;5;1.25
3569;5;1.25
3570;5;1.25
3571;5;1.25
3572;5;1.25
3573;5;1.25
3574;5;1.25
3575;5;1.25
3576;5;1.25
3577;5;1.25
3578;5;1.25
3579;5;1.25
3580;5;1.25
3581;5;1.25
3582;5;1.25
3583;5;1.25
3584;5;1.25
3585;5;1.25
3586;5;1.25
3587;5;1.25
3588;5;1.25
3589;5;1.25
3590;5;1.25
3591;5;1.25
3592;5;1.25
3593;5;1.25
3594;5;1.25
3595;5;1.25
3596;5;1.25
3597;5;1.25
3598;5;1.25
3599;5;1.25
