0;10;10.0076;11.0152;10.0227;9.0303;8.03788;8.04545;9.05303;9.06061;10.0682;11.0758;11.0833;12.0909;13.0985;14.1061;14.1136;15.1212;16.1288;17.1364;18.1439;18.1515;19.1591;20.1667;21.1742;22.1818;22.1894;23.197;24.2045;25.2121;26.2197;26.2273;27.2348;28.2424;29.25
1;10;10.0076;11.0152;10.0227;9.0303;8.03788;8.04545;8.05303;9.06061;9.06818;10.0758;11.0833;12.0909;12.0985;13.1061;14.1136;15.1212;16.1288;16.1364;17.1439;18.1515;19.1591;20.1667;20.1742;20.1818;21.1894;22.197;22.2045;23.2121;24.2197;25.2273;25.2348;26.2424;27.25
2;10;10.0076;11.0152;10.0227;9.0303;8.03788;8.04545;8.05303;9.06061;9.06818;10.0758;11.0833;11.0909;12.0985;13.1061;14.1136;14.1212;15.1288;16.1364;17.1439;18.1515;18.1591;19.1667;20.1742;20.1818;20.1894;21.197;21.2045;22.2121;22.2197;23.2273;24.2348;24.2424;25.25
3;11;10.0076;11.0152;10.0227;9.0303;8.03788;8.04545;8.05303;8.06061;9.06818;10.0758;10.0833;11.0909;12.0985;12.1061;13.1136;14.1212;15.1288;16.1364;16.1439;17.1515;18.1591;19.1667;20.1742;20.1818;21.1894;20.197;20.2045;21.2121;21.2197;22.2273;23.2348;23.2424;24.25
4;11;10.0076;11.0152;10.0227;9.0303;8.03788;8.04545;8.05303;8.06061;9.06818;9.07576;10.0833;11.0909;11.0985;12.1061;13.1136;14.1212;14.1288;15.1364;16.1439;17.1515;18.1591;18.1667;19.1742;20.1818;21.1894;22.197;20.2045;20.2121;21.2197;21.2273;22.2348;22.2424;23.25
5;11;10.0076;11.0152;10.0227;9.0303;8.03788;8.04545;8.05303;8.06061;9.06818;9.07576;10.0833;10.0909;11.0985;12.1061;13.1136;13.1212;14.1288;15.1364;16.1439;16.1515;17.1591;18.1667;19.1742;20.1818;20.1894;21.197;22.2045;23.2121;20.2197;20.2273;21.2348;21.2424;22.25
6;11;10.0076;11.0152;10.0227;9.0303;8.03788;8.04545;8.05303;8.06061;8.06818;9.07576;9.08333;10.0909;11.0985;11.1061;12.1136;13.1212;14.1288;15.1364;15.1439;16.1515;17.1591;18.1667;18.1742;19.1818;20.1894;21.197;22.2045;22.2121;23.2197;24.2273;20.2348;20.2424;21.25
7;11;10.0076;11.0152;10.0227;9.0303;8.03788;8.04545;8.05303;8.06061;8.06818;9.07576;9.08333;10.0909;10.0985;11.1061;12.1136;13.1212;13.1288;14.1364;15.1439;16.1515;17.1591;17.1667;18.1742;19.1818;20.1894;21.197;21.2045;22.2121;23.2197;24.2273;24.2348;20.2424;20.25
8;11;10.0076;11.0152;10.0227;9.0303;8.03788;8.04545;8.05303;8.06061;8.06818;9.07576;9.08333;10.0909;10.0985;11.1061;12.1136;12.1212;13.1288;14.1364;15.1439;15.1515;16.1591;17.1667;18.1742;19.1818;19.1894;20.197;21.2045;22.2121;23.2197;23.2273;24.2348;25.2424;26.25
9;11;10.0076;11.0152;10.0227;9.0303;8.03788;8.04545;8.05303;8.06061;8.06818;9.07576;9.08333;9.09091;10.0985;11.1061;11.1136;12.1212;13.1288;13.1364;14.1439;15.1515;16.1591;17.1667;17.1742;18.1818;19.1894;20.197;21.2045;21.2121;22.2197;23.2273;24.2348;25.2424;25.25
10;11;10.0076;11.0152;10.0227;9.0303;8.03788;8.04545;8.05303;8.06061;8.06818;8.07576;9.08333;9.09091;10.0985;10.1061;11.1136;12.1212;12.1288;13.1364;14.1439;15.1515;15.1591;16.1667;17.1742;18.1818;19.1894;19.197;20.2045;21.2121;22.2197;23.2273;23.2348;24.2424;25.25
11;11;10.0076;11.0152;10.0227;9.0303;8.03788;8.04545;8.05303;8.06061;8.06818;8.07576;9.08333;9.09091;10.0985;10.1061;11.1136;11.1212;12.1288;13.1364;14.1439;14.1515;15.1591;16.1667;17.1742;17.1818;18.1894;19.197;20.2045;21.2121;21.2197;22.2273;23.2348;24.2424;25.25
12;11;10.0076;11.0152;10.0227;9.0303;8.03788;8.04545;8.05303;8.06061;8.06818;8.07576;9.08333;9.09091;9.09848;10.1061;11.1136;11.1212;12.1288;13.1364;13.1439;14.1515;15.1591;16.1667;16.1742;17.1818;18.1894;19.197;19.2045;20.2121;21.2197;22.2273;23.2348;23.2424;24.25
13;11;10.0076;12.0152;10.0227;9.0303;8.03788;8.04545;8.05303;8.06061;8.06818;8.07576;8.08333;9.09091;9.09848;10.1061;10.1136;11.1212;12.1288;12.1364;13.1439;14.1515;14.1591;15.1667;16.1742;17.1818;18.1894;18.197;19.2045;20.2121;21.2197;21.2273;22.2348;23.2424;24.25
14;11;10.0076;12.0152;10.0227;9.0303;9.03788;8.04545;8.05303;8.06061;8.06818;8.07576;8.08333;9.09091;9.09848;10.1061;10.1136;11.1212;11.1288;12.1364;13.1439;13.1515;14.1591;15.1667;16.1742;16.1818;17.1894;18.197;19.2045;20.2121;20.2197;21.2273;22.2348;23.2424;23.25
15;11;10.0076;12.0152;10.0227;9.0303;9.03788;8.04545;8.05303;8.06061;8.06818;8.07576;8.08333;9.09091;9.09848;9.10606;10.1136;10.1212;11.1288;12.1364;12.1439;13.1515;14.1591;15.1667;15.1742;16.1818;17.1894;18.197;18.2045;19.2121;20.2197;21.2273;22.2348;22.2424;23.25
16;11;10.0076;12.0152;10.0227;9.0303;9.03788;8.04545;8.05303;8.06061;8.06818;8.07576;8.08333;9.09091;9.09848;9.10606;10.1136;10.1212;11.1288;11.1364;12.1439;13.1515;13.1591;14.1667;15.1742;16.1818;17.1894;17.197;18.2045;19.2121;20.2197;20.2273;21.2348;22.2424;23.25
17;11;10.0076;12.0152;10.0227;9.0303;9.03788;8.04545;8.05303;8.06061;8.06818;8.07576;8.08333;8.09091;9.09848;9.10606;10.1136;10.1212;11.1288;11.1364;12.1439;13.1515;13.1591;14.1667;15.1742;15.1818;16.1894;17.197;18.2045;18.2121;19.2197;20.2273;21.2348;22.2424;22.25
18;11;10.0076;12.0152;10.0227;9.0303;9.03788;8.04545;8.05303;8.06061;8.06818;8.07576;8.08333;8.09091;9.09848;9.10606;9.11364;10.1212;10.1288;11.1364;12.1439;12.1515;13.1591;14.1667;14.1742;15.1818;16.1894;17.197;17.2045;18.2121;19.2197;20.2273;20.2348;21.2424;22.25
19;11;10.0076;12.0152;10.0227;9.0303;9.03788;8.04545;8.05303;8.06061;8.06818;8.07576;8.08333;8.09091;9.09848;9.10606;9.11364;10.1212;10.1288;11.1364;11.1439;12.1515;13.1591;13.1667;14.1742;15.1818;15.1894;16.197;17.2045;18.2121;19.2197;19.2273;20.2348;21.2424;22.25
20;11;10.0076;12.0152;10.0227;10.0303;9.03788;8.04545;8.05303;8.06061;8.06818;8.07576;8.08333;8.09091;9.09848;9.10606;9.11364;10.1212;10.1288;11.1364;11.1439;12.1515;12.1591;13.1667;14.1742;14.1818;15.1894;16.197;17.2045;17.2121;18.2197;19.2273;20.2348;21.2424;21.25
21;11;10.0076;12.0152;11.0227;10.0303;9.03788;8.04545;8.05303;8.06061;8.06818;8.07576;8.08333;8.09091;8.09848;9.10606;9.11364;9.12121;10.1288;10.1364;11.1439;12.1515;12.1591;13.1667;13.1742;14.1818;15.1894;16.197;16.2045;17.2121;18.2197;19.2273;19.2348;20.2424;21.25
22;11;10.0076;12.0152;11.0227;10.0303;9.03788;9.04545;8.05303;8.06061;8.06818;8.07576;8.08333;8.09091;8.09848;9.10606;9.11364;9.12121;10.1288;10.1364;11.1439;11.1515;12.1591;13.1667;13.1742;14.1818;15.1894;15.197;16.2045;17.2121;18.2197;18.2273;19.2348;20.2424;21.25
23;11;10.0076;12.0152;11.0227;10.0303;9.03788;9.04545;8.05303;8.06061;8.06818;8.07576;8.08333;8.09091;8.09848;9.10606;9.11364;9.12121;10.1288;10.1364;11.1439;11.1515;12.1591;12.1667;13.1742;14.1818;14.1894;15.197;16.2045;16.2121;17.2197;18.2273;19.2348;20.2424;20.25
24;11;10.0076;12.0152;11.0227;10.0303;9.03788;9.04545;8.05303;8.06061;8.06818;8.07576;8.08333;8.09091;8.09848;8.10606;9.11364;9.12121;9.12879;10.1364;10.1439;11.1515;11.1591;12.1667;13.1742;13.1818;14.1894;15.197;15.2045;16.2121;17.2197;18.2273;18.2348;19.2424;20.25
25;11;10.0076;12.0152;11.0227;10.0303;9.03788;9.04545;8.05303;8.06061;8.06818;8.07576;8.08333;8.09091;8.09848;8.10606;9.11364;9.12121;9.12879;10.1364;10.1439;11.1515;11.1591;12.1667;12.1742;13.1818;14.1894;14.197;15.2045;16.2121;17.2197;17.2273;18.2348;19.2424;20.25
26;12;10.0076;12.0152;11.0227;10.0303;9.03788;9.04545;8.05303;8.06061;8.06818;8.07576;8.08333;8.09091;8.09848;8.10606;9.11364;9.12121;9.12879;10.1364;10.1439;11.1515;11.1591;12.1667;12.1742;13.1818;13.1894;14.197;15.2045;16.2121;16.2197;17.2273;18.2348;18.2424;19.25
27;12;10.0076;12.0152;11.0227;10.0303;9.03788;9.04545;8.05303;8.06061;8.06818;8.07576;8.08333;8.09091;8.09848;8.10606;9.11364;9.12121;9.12879;10.1364;10.1439;10.1515;11.1591;11.1667;12.1742;13.1818;13.1894;14.197;15.2045;15.2121;16.2197;17.2273;17.2348;18.2424;19.25
28;12;10.0076;13.0152;11.0227;10.0303;9.03788;9.04545;9.05303;8.06061;8.06818;8.07576;8.08333;8.09091;8.09848;8.10606;8.11364;9.12121;9.12879;9.13636;10.1439;10.1515;11.1591;11.1667;12.1742;12.1818;13.1894;14.197;14.2045;15.2121;16.2197;16.2273;17.2348;18.2424;19.25
29;12;10.0076;13.0152;11.0227;10.0303;9.03788;9.04545;9.05303;8.06061;8.06818;8.07576;8.08333;8.09091;8.09848;8.10606;8.11364;9.12121;9.12879;9.13636;10.1439;10.1515;11.1591;11.1667;12.1742;12.1818;13.1894;13.197;14.2045;15.2121;15.2197;16.2273;17.2348;17.2424;18.25
30;12;10.0076;13.0152;11.0227;10.0303;9.03788;9.04545;9.05303;8.06061;8.06818;8.07576;8.08333;8.09091;8.09848;8.10606;8.11364;9.12121;9.12879;9.13636;10.1439;10.1515;10.1591;11.1667;11.1742;12.1818;13.1894;13.197;14.2045;14.2121;15.2197;16.2273;16.2348;17.2424;18.25
31;12;10.0076;13.0152;11.0227;10.0303;10.0379;9.04545;9.05303;8.06061;8.06818;8.07576;8.08333;8.09091;8.09848;8.10606;8.11364;9.12121;9.12879;9.13636;9.14394;10.1515;10.1591;11.1667;11.1742;12.1818;12.1894;13.197;13.2045;14.2121;15.2197;15.2273;16.2348;17.2424;18.25
32;12;10.0076;13.0152;11.0227;10.0303;10.0379;9.04545;9.05303;9.06061;8.06818;8.07576;8.08333;8.09091;8.09848;8.10606;8.11364;8.12121;9.12879;9.13636;9.14394;10.1515;10.1591;11.1667;11.1742;12.1818;12.1894;13.197;13.2045;14.2121;15.2197;15.2273;16.2348;17.2424;17.25
33;12;10.0076;13.0152;11.0227;10.0303;10.0379;9.04545;9.05303;9.06061;8.06818;8.07576;8.08333;8.09091;8.09848;8.10606;8.11364;8.12121;9.12879;9.13636;9.14394;10.1515;10.1591;10.1667;11.1742;11.1818;12.1894;12.197;13.2045;14.2121;14.2197;15.2273;16.2348;16.2424;17.25
34;12;10.0076;13.0152;11.0227;10.0303;10.0379;9.04545;9.05303;9.06061;8.06818;8.07576;8.08333;8.09091;8.09848;8.10606;8.11364;8.12121;9.12879;9.13636;9.14394;9.15152;10.1591;10.1667;11.1742;11.1818;12.1894;12.197;13.2045;13.2121;14.2197;15.2273;15.2348;16.2424;17.25
35;12;10.0076;13.0152;12.0227;11.0303;10.0379;9.04545;9.05303;9.06061;8.06818;8.07576;8.08333;8.09091;8.09848;8.10606;8.11364;8.12121;9.12879;9.13636;9.14394;9.15152;10.1591;10.1667;11.1742;11.1818;12.1894;12.197;13.2045;13.2121;14.2197;14.2273;15.2348;16.2424;16.25
36;12;10.0076;13.0152;12.0227;11.0303;10.0379;9.04545;9.05303;9.06061;8.06818;8.07576;8.08333;8.09091;8.09848;8.10606;8.11364;8.12121;8.12879;9.13636;9.14394;9.15152;10.1591;10.1667;10.1742;11.1818;11.1894;12.197;12.2045;13.2121;14.2197;14.2273;15.2348;15.2424;16.25
37;12;10.0076;13.0152;12.0227;11.0303;10.0379;9.04545;9.05303;9.06061;9.06818;8.07576;8.08333;8.09091;8.09848;8.10606;8.11364;8.12121;8.12879;9.13636;9.14394;9.15152;10.1591;10.1667;10.1742;11.1818;11.1894;12.197;12.2045;13.2121;13.2197;14.2273;15.2348;15.2424;16.25
38;12;10.0076;13.0152;12.0227;11.0303;10.0379;10.0455;9.05303;9.06061;9.06818;8.07576;8.08333;8.09091;8.09848;8.10606;8.11364;8.12121;8.12879;9.13636;9.14394;9.15152;9.15909;10.1667;10.1742;11.1818;11.1894;11.197;12.2045;13.2121;13.2197;14.2273;14.2348;15.2424;16.25
39;12;10.0076;13.0152;12.0227;11.0303;10.0379;10.0455;9.05303;9.06061;9.06818;8.07576;8.08333;8.09091;8.09848;8.10606;8.11364;8.12121;8.12879;9.13636;9.14394;9.15152;9.15909;10.1667;10.1742;10.1818;11.1894;11.197;12.2045;12.2121;13.2197;13.2273;14.2348;15.2424;15.25
40;12;10.0076;13.0152;12.0227;11.0303;10.0379;10.0455;9.05303;9.06061;9.06818;8.07576;8.08333;8.09091;8.09848;8.10606;8.11364;8.12121;8.12879;8.13636;9.14394;9.15152;9.15909;10.1667;10.1742;10.1818;11.1894;11.197;12.2045;12.2121;13.2197;13.2273;14.2348;14.2424;15.25
41;12;10.0076;13.0152;12.0227;11.0303;10.0379;10.0455;9.05303;9.06061;9.06818;9.07576;8.08333;8.09091;8.09848;8.10606;8.11364;8.12121;8.12879;8.13636;9.14394;9.15152;9.15909;9.16667;10.1742;10.1818;11.1894;11.197;11.2045;12.2121;12.2197;13.2273;14.2348;14.2424;15.25
42;12;10.0076;14.0152;12.0227;11.0303;10.0379;10.0455;9.05303;9.06061;9.06818;9.07576;8.08333;8.09091;8.09848;8.10606;8.11364;8.12121;8.12879;8.13636;9.14394;9.15152;9.15909;9.16667;10.1742;10.1818;10.1894;11.197;11.2045;12.2121;12.2197;13.2273;13.2348;14.2424;15.25
43;12;10.0076;14.0152;12.0227;11.0303;10.0379;10.0455;9.05303;9.06061;9.06818;9.07576;8.08333;8.09091;8.09848;8.10606;8.11364;8.12121;8.12879;8.13636;9.14394;9.15152;9.15909;9.16667;10.1742;10.1818;10.1894;11.197;11.2045;12.2121;12.2197;13.2273;13.2348;14.2424;14.25
44;12;10.0076;14.0152;12.0227;11.0303;10.0379;10.0455;10.053;9.06061;9.06818;9.07576;8.08333;8.09091;8.09848;8.10606;8.11364;8.12121;8.12879;8.13636;8.14394;9.15152;9.15909;9.16667;9.17424;10.1818;10.1894;11.197;11.2045;11.2121;12.2197;12.2273;13.2348;14.2424;14.25
45;12;11.0076;14.0152;12.0227;11.0303;11.0379;10.0455;10.053;9.06061;9.06818;9.07576;9.08333;8.09091;8.09848;8.10606;8.11364;8.12121;8.12879;8.13636;8.14394;9.15152;9.15909;9.16667;9.17424;10.1818;10.1894;10.197;11.2045;11.2121;12.2197;12.2273;13.2348;13.2424;14.25
46;12;11.0076;14.0152;12.0227;11.0303;11.0379;10.0455;10.053;9.06061;9.06818;9.07576;9.08333;8.09091;8.09848;8.10606;8.11364;8.12121;8.12879;8.13636;8.14394;9.15152;9.15909;9.16667;9.17424;10.1818;10.1894;10.197;11.2045;11.2121;12.2197;12.2273;13.2348;13.2424;14.25
47;12;11.0076;14.0152;12.0227;11.0303;11.0379;10.0455;10.053;9.06061;9.06818;9.07576;9.08333;8.09091;8.09848;8.10606;8.11364;8.12121;8.12879;8.13636;8.14394;9.15152;9.15909;9.16667;9.17424;10.1818;10.1894;10.197;11.2045;11.2121;11.2197;12.2273;12.2348;13.2424;13.25
48;12;11.0076;14.0152;12.0227;11.0303;11.0379;10.0455;10.053;9.06061;9.06818;9.07576;9.08333;8.09091;8.09848;8.10606;8.11364;8.12121;8.12879;8.13636;8.14394;8.15152;9.15909;9.16667;9.17424;9.18182;10.1894;10.197;10.2045;11.2121;11.2197;12.2273;12.2348;13.2424;13.25
49;13;11.0076;14.0152;13.0227;12.0303;11.0379;10.0455;10.053;10.0606;9.06818;9.07576;9.08333;9.09091;8.09848;8.10606;8.11364;8.12121;8.12879;8.13636;8.14394;8.15152;9.15909;9.16667;9.17424;9.18182;10.1894;10.197;10.2045;11.2121;11.2197;12.2273;12.2348;13.2424;13.25
50;13;11.0076;14.0152;13.0227;12.0303;11.0379;10.0455;10.053;10.0606;9.06818;9.07576;9.08333;9.09091;8.09848;8.10606;8.11364;8.12121;8.12879;8.13636;8.14394;8.15152;9.15909;9.16667;9.17424;9.18182;10.1894;10.197;10.2045;11.2121;11.2197;11.2273;12.2348;12.2424;13.25
51;13;11.0076;14.0152;13.0227;12.0303;11.0379;10.0455;10.053;10.0606;9.06818;9.07576;9.08333;9.09091;8.09848;8.10606;8.11364;8.12121;8.12879;8.13636;8.14394;8.15152;9.15909;9.16667;9.17424;9.18182;9.18939;10.197;10.2045;10.2121;11.2197;11.2273;12.2348;12.2424;13.25
52;13;11.0076;14.0152;13.0227;12.0303;11.0379;11.0455;10.053;10.0606;9.06818;9.07576;9.08333;9.09091;8.09848;8.10606;8.11364;8.12121;8.12879;8.13636;8.14394;8.15152;8.15909;9.16667;9.17424;9.18182;9.18939;10.197;10.2045;10.2121;11.2197;11.2273;12.2348;12.2424;13.25
53;13;11.0076;14.0152;13.0227;12.0303;11.0379;11.0455;10.053;10.0606;9.06818;9.07576;9.08333;9.09091;9.09848;8.10606;8.11364;8.12121;8.12879;8.13636;8.14394;8.15152;8.15909;9.16667;9.17424;9.18182;9.18939;10.197;10.2045;10.2121;11.2197;11.2273;11.2348;12.2424;12.25
54;13;11.0076;14.0152;13.0227;12.0303;11.0379;11.0455;10.053;10.0606;10.0682;9.07576;9.08333;9.09091;9.09848;8.10606;8.11364;8.12121;8.12879;8.13636;8.14394;8.15152;8.15909;9.16667;9.17424;9.18182;9.18939;10.197;10.2045;10.2121;11.2197;11.2273;11.2348;12.2424;12.25
55;13;11.0076;15.0152;13.0227;12.0303;11.0379;11.0455;10.053;10.0606;10.0682;9.07576;9.08333;9.09091;9.09848;8.10606;8.11364;8.12121;8.12879;8.13636;8.14394;8.15152;8.15909;9.16667;9.17424;9.18182;9.18939;9.19697;10.2045;10.2121;10.2197;11.2273;11.2348;12.2424;12.25
56;13;11.0076;15.0152;13.0227;12.0303;11.0379;11.0455;10.053;10.0606;10.0682;9.07576;9.08333;9.09091;9.09848;8.10606;8.11364;8.12121;8.12879;8.13636;8.14394;8.15152;8.15909;8.16667;9.17424;9.18182;9.18939;9.19697;10.2045;10.2121;10.2197;11.2273;11.2348;11.2424;12.25
57;13;11.0076;15.0152;13.0227;12.0303;11.0379;11.0455;10.053;10.0606;10.0682;9.07576;9.08333;9.09091;9.09848;9.10606;8.11364;8.12121;8.12879;8.13636;8.14394;8.15152;8.15909;8.16667;9.17424;9.18182;9.18939;9.19697;10.2045;10.2121;10.2197;11.2273;11.2348;11.2424;12.25
58;13;11.0076;15.0152;13.0227;12.0303;11.0379;11.0455;11.053;10.0606;10.0682;10.0758;9.08333;9.09091;9.09848;9.10606;8.11364;8.12121;8.12879;8.13636;8.14394;8.15152;8.15909;8.16667;9.17424;9.18182;9.18939;9.19697;9.20455;10.2121;10.2197;10.2273;11.2348;11.2424;12.25
59;13;11.0076;15.0152;13.0227;12.0303;12.0379;11.0455;11.053;10.0606;10.0682;10.0758;9.08333;9.09091;9.09848;9.10606;8.11364;8.12121;8.12879;8.13636;8.14394;8.15152;8.15909;8.16667;9.17424;9.18182;9.18939;9.19697;9.20455;10.2121;10.2197;10.2273;11.2348;11.2424;11.25
60;13;11.0076;15.0152;13.0227;12.0303;12.0379;11.0455;11.053;10.0606;10.0682;10.0758;9.08333;9.09091;9.09848;9.10606;8.11364;8.12121;8.12879;8.13636;8.14394;8.15152;8.15909;8.16667;9.17424;9.18182;9.18939;9.19697;9.20455;10.2121;10.2197;10.2273;11.2348;11.2424;11.25
61;13;11.0076;15.0152;13.0227;12.0303;12.0379;11.0455;11.053;10.0606;10.0682;10.0758;9.08333;9.09091;9.09848;9.10606;9.11364;8.12121;8.12879;8.13636;8.14394;8.15152;8.15909;8.16667;8.17424;9.18182;9.18939;9.19697;9.20455;10.2121;10.2197;10.2273;10.2348;11.2424;11.25
62;13;11.0076;15.0152;13.0227;12.0303;12.0379;11.0455;11.053;10.0606;10.0682;10.0758;9.08333;9.09091;9.09848;9.10606;9.11364;8.12121;8.12879;8.13636;8.14394;8.15152;8.15909;8.16667;8.17424;9.18182;9.18939;9.19697;9.20455;9.21212;10.2197;10.2273;10.2348;11.2424;11.25
63;13;11.0076;15.0152;14.0227;13.0303;12.0379;11.0455;11.053;11.0606;10.0682;10.0758;10.0833;9.09091;9.09848;9.10606;9.11364;8.12121;8.12879;8.13636;8.14394;8.15152;8.15909;8.16667;8.17424;9.18182;9.18939;9.19697;9.20455;9.21212;10.2197;10.2273;10.2348;11.2424;11.25
64;13;11.0076;15.0152;14.0227;13.0303;12.0379;11.0455;11.053;11.0606;10.0682;10.0758;10.0833;9.09091;9.09848;9.10606;9.11364;8.12121;8.12879;8.13636;8.14394;8.15152;8.15909;8.16667;8.17424;9.18182;9.18939;9.19697;9.20455;9.21212;10.2197;10.2273;10.2348;10.2424;11.25
65;13;11.0076;15.0152;14.0227;13.0303;12.0379;11.0455;11.053;11.0606;10.0682;10.0758;10.0833;9.09091;9.09848;9.10606;9.11364;9.12121;8.12879;8.13636;8.14394;8.15152;8.15909;8.16667;8.17424;8.18182;9.18939;9.19697;9.20455;9.21212;9.2197;10.2273;10.2348;10.2424;11.25
66;13;11.0076;15.0152;14.0227;13.0303;12.0379;12.0455;11.053;11.0606;10.0682;10.0758;10.0833;9.09091;9.09848;9.10606;9.11364;9.12121;8.12879;8.13636;8.14394;8.15152;8.15909;8.16667;8.17424;8.18182;9.18939;9.19697;9.20455;9.21212;9.2197;10.2273;10.2348;10.2424;11.25
67;13;11.0076;15.0152;14.0227;13.0303;12.0379;12.0455;11.053;11.0606;10.0682;10.0758;10.0833;9.09091;9.09848;9.10606;9.11364;9.12121;8.12879;8.13636;8.14394;8.15152;8.15909;8.16667;8.17424;8.18182;9.18939;9.19697;9.20455;9.21212;9.2197;10.2273;10.2348;10.2424;11.25
68;13;11.0076;15.0152;14.0227;13.0303;12.0379;12.0455;11.053;11.0606;11.0682;10.0758;10.0833;10.0909;9.09848;9.10606;9.11364;9.12121;8.12879;8.13636;8.14394;8.15152;8.15909;8.16667;8.17424;8.18182;9.18939;9.19697;9.20455;9.21212;9.2197;10.2273;10.2348;10.2424;10.25
69;13;11.0076;16.0152;14.0227;13.0303;12.0379;12.0455;11.053;11.0606;11.0682;10.0758;10.0833;10.0909;9.09848;9.10606;9.11364;9.12121;9.12879;8.13636;8.14394;8.15152;8.15909;8.16667;8.17424;8.18182;8.18939;9.19697;9.20455;9.21212;9.2197;9.22727;10.2348;10.2424;10.25
70;13;11.0076;16.0152;14.0227;13.0303;12.0379;12.0455;11.053;11.0606;11.0682;10.0758;10.0833;10.0909;9.09848;9.10606;9.11364;9.12121;9.12879;8.13636;8.14394;8.15152;8.15909;8.16667;8.17424;8.18182;8.18939;9.19697;9.20455;9.21212;9.2197;9.22727;10.2348;10.2424;10.25
71;13;11.0076;16.0152;14.0227;13.0303;12.0379;12.0455;11.053;11.0606;11.0682;10.0758;10.0833;10.0909;9.09848;9.10606;9.11364;9.12121;9.12879;8.13636;8.14394;8.15152;8.15909;8.16667;8.17424;8.18182;8.18939;9.19697;9.20455;9.21212;9.2197;9.22727;10.2348;10.2424;10.25
72;14;11.0076;16.0152;14.0227;13.0303;12.0379;12.0455;12.053;11.0606;11.0682;10.0758;10.0833;10.0909;10.0985;9.10606;9.11364;9.12121;9.12879;8.13636;8.14394;8.15152;8.15909;8.16667;8.17424;8.18182;8.18939;9.19697;9.20455;9.21212;9.2197;9.22727;9.23485;10.2424;10.25
73;14;11.0076;16.0152;14.0227;13.0303;13.0379;12.0455;12.053;11.0606;11.0682;11.0758;10.0833;10.0909;10.0985;9.10606;9.11364;9.12121;9.12879;9.13636;8.14394;8.15152;8.15909;8.16667;8.17424;8.18182;8.18939;8.19697;9.20455;9.21212;9.2197;9.22727;9.23485;10.2424;10.25
74;14;11.0076;16.0152;14.0227;13.0303;13.0379;12.0455;12.053;11.0606;11.0682;11.0758;10.0833;10.0909;10.0985;9.10606;9.11364;9.12121;9.12879;9.13636;8.14394;8.15152;8.15909;8.16667;8.17424;8.18182;8.18939;8.19697;9.20455;9.21212;9.2197;9.22727;9.23485;10.2424;10.25
75;14;11.0076;16.0152;14.0227;13.0303;13.0379;12.0455;12.053;11.0606;11.0682;11.0758;10.0833;10.0909;10.0985;9.10606;9.11364;9.12121;9.12879;9.13636;8.14394;8.15152;8.15909;8.16667;8.17424;8.18182;8.18939;8.19697;9.20455;9.21212;9.2197;9.22727;9.23485;10.2424;10.25
76;14;11.0076;16.0152;14.0227;13.0303;13.0379;12.0455;12.053;11.0606;11.0682;11.0758;10.0833;10.0909;10.0985;9.10606;9.11364;9.12121;9.12879;9.13636;8.14394;8.15152;8.15909;8.16667;8.17424;8.18182;8.18939;8.19697;9.20455;9.21212;9.2197;9.22727;9.23485;9.24242;10.25
77;14;11.0076;16.0152;15.0227;14.0303;13.0379;12.0455;12.053;12.0606;11.0682;11.0758;10.0833;10.0909;10.0985;10.1061;9.11364;9.12121;9.12879;9.13636;9.14394;8.15152;8.15909;8.16667;8.17424;8.18182;8.18939;8.19697;8.20455;9.21212;9.2197;9.22727;9.23485;9.24242;10.25
78;14;11.0076;16.0152;15.0227;14.0303;13.0379;12.0455;12.053;12.0606;11.0682;11.0758;11.0833;10.0909;10.0985;10.1061;9.11364;9.12121;9.12879;9.13636;9.14394;8.15152;8.15909;8.16667;8.17424;8.18182;8.18939;8.19697;8.20455;9.21212;9.2197;9.22727;9.23485;9.24242;10.25
79;14;11.0076;16.0152;15.0227;14.0303;13.0379;12.0455;12.053;12.0606;11.0682;11.0758;11.0833;10.0909;10.0985;10.1061;9.11364;9.12121;9.12879;9.13636;9.14394;8.15152;8.15909;8.16667;8.17424;8.18182;8.18939;8.19697;8.20455;9.21212;9.2197;9.22727;9.23485;9.24242;9.25
